ticker,status,result,yes_bid,yes_ask,yes_bid_size,yes_ask_size,no_bid,no_ask,last_price,previous_price,volume,volume_24h,open_interest,liquidity,fetched_at_utc,expiration_value,expiration_value_f,settlement_ts,settlement_value,previous_yes_bid,previous_yes_ask,updated_time,occurrence_datetime,can_close_early
KXHIGHTSEA-26AUG28-T76,active,,0.01,0.03,247.0,158.0,0.97,0.99,0.01,0.0,780.09,780.09,496.09,0.0,2026-08-28T05:35:46.476799+00:00,,,,,0.0,0.0,2026-08-27T14:00:01.998064Z,2026-08-29T14:00:00Z,True
KXHIGHTSEA-26AUG28-T69,active,,0.02,0.03,534.0,201.0,0.97,0.98,0.03,0.0,852.51,852.51,811.92,0.0,2026-08-28T05:35:46.476799+00:00,,,,,0.0,0.0,2026-08-27T14:00:01.891987Z,2026-08-29T14:00:00Z,True
KXHIGHTSEA-26AUG28-B75.5,active,,0.1,0.11,1.9,8.0,0.89,0.9,0.1,0.0,596.08,596.08,526.0,0.0,2026-08-28T05:35:46.476799+00:00,,,,,0.0,0.0,2026-08-27T14:00:01.891987Z,2026-08-29T14:00:00Z,True
KXHIGHTSEA-26AUG28-B73.5,active,,0.44,0.45,2.99,75.0,0.55,0.56,0.44,0.0,1110.78,1110.77,1064.78,0.0,2026-08-28T05:35:46.476799+00:00,,,,,0.0,0.0,2026-08-27T14:00:01.891987Z,2026-08-29T14:00:00Z,True
KXHIGHTSEA-26AUG28-B71.5,active,,0.34,0.35,39.28,8.0,0.65,0.66,0.35,0.0,248.09,248.09,219.9,0.0,2026-08-28T05:35:46.476799+00:00,,,,,0.0,0.0,2026-08-27T14:00:01.891987Z,2026-08-29T14:00:00Z,True
KXHIGHTSEA-26AUG28-B69.5,active,,0.13,0.14,73.92,82.0,0.86,0.87,0.14,0.0,294.8,294.8,290.8,0.0,2026-08-28T05:35:46.476799+00:00,,,,,0.0,0.0,2026-08-27T14:00:01.891987Z,2026-08-29T14:00:00Z,True
KXHIGHTSEA-26AUG27-T77,active,,0.0,0.01,0.0,5792.21,0.99,1.0,0.01,0.01,2829.91,2213.13,2659.98,0.0,2026-08-28T05:35:46.476799+00:00,,,,,0.01,0.02,2026-08-26T14:00:01.099322Z,2026-08-28T14:00:00Z,True
KXHIGHTSEA-26AUG27-T70,active,,0.0,0.01,0.0,40600.35,0.99,1.0,0.01,0.07,1579.15,1532.63,1345.77,0.0,2026-08-28T05:35:46.476799+00:00,,,,,0.06,0.07,2026-08-26T14:00:01.099322Z,2026-08-28T14:00:00Z,True
KXHIGHTSEA-26AUG27-B76.5,active,,0.0,0.01,0.0,9943.06,0.99,1.0,0.01,0.05,7573.07,7225.67,4481.88,0.0,2026-08-28T05:35:46.476799+00:00,,,,,0.04,0.05,2026-08-26T14:00:01.04469Z,2026-08-28T14:00:00Z,True
KXHIGHTSEA-26AUG27-B74.5,active,,0.99,1.0,11550.29,0.0,0.0,0.01,0.99,0.26,7971.49,7661.47,5177.39,0.0,2026-08-28T05:35:46.476799+00:00,,,,,0.25,0.26,2026-08-26T14:00:01.04469Z,2026-08-28T14:00:00Z,True
KXHIGHTSEA-26AUG27-B72.5,active,,0.0,0.01,0.0,17903.42,0.99,1.0,0.01,0.47,13539.95,13244.82,7514.43,0.0,2026-08-28T05:35:46.476799+00:00,,,,,0.46,0.47,2026-08-26T14:00:01.04469Z,2026-08-28T14:00:00Z,True
KXHIGHTSEA-26AUG27-B70.5,active,,0.0,0.01,0.0,29728.92,0.99,1.0,0.01,0.22,3881.18,3618.53,2740.78,0.0,2026-08-28T05:35:46.476799+00:00,,,,,0.2,0.21,2026-08-26T14:00:01.04469Z,2026-08-28T14:00:00Z,True
KXHIGHTSEA-26AUG26-T82,finalized,no,0.0,1.0,0.0,0.0,0.0,1.0,0.01,0.01,695.1,0.0,645.1,0.0,2026-08-28T05:35:46.476799+00:00,77.00,77.0,2026-08-27T14:18:25.702592Z,0.0,0.0,0.01,2026-08-27T14:18:25.711298Z,2026-08-27T14:00:00Z,True
KXHIGHTSEA-26AUG26-T75,finalized,no,0.0,1.0,0.0,0.0,0.0,1.0,0.01,0.01,12454.6,0.0,7632.87,0.0,2026-08-28T05:35:46.476799+00:00,77.00,77.0,2026-08-27T14:18:25.702592Z,0.0,0.0,0.01,2026-08-27T14:18:25.711298Z,2026-08-27T14:00:00Z,True
KXHIGHTSEA-26AUG26-B81.5,finalized,no,0.0,1.0,0.0,0.0,0.0,1.0,0.01,0.01,1557.59,0.0,1308.86,0.0,2026-08-28T05:35:46.476799+00:00,77.00,77.0,2026-08-27T14:18:25.702592Z,0.0,0.0,0.01,2026-08-27T14:18:25.711298Z,2026-08-27T14:00:00Z,True
KXHIGHTSEA-26AUG26-B79.5,finalized,no,0.0,1.0,0.0,0.0,0.0,1.0,0.02,0.02,8893.86,0.0,6108.16,0.0,2026-08-28T05:35:46.476799+00:00,77.00,77.0,2026-08-27T14:18:25.702592Z,0.0,0.0,0.01,2026-08-27T14:18:25.711298Z,2026-08-27T14:00:00Z,True
KXHIGHTSEA-26AUG26-B77.5,finalized,yes,0.0,1.0,0.0,0.0,0.0,1.0,0.99,0.99,11685.31,0.0,5866.79,0.0,2026-08-28T05:35:46.476799+00:00,77.00,77.0,2026-08-27T14:18:25.702592Z,1.0,0.99,1.0,2026-08-27T14:18:25.711298Z,2026-08-27T14:00:00Z,True
KXHIGHTSEA-26AUG26-B75.5,finalized,no,0.0,1.0,0.0,0.0,0.0,1.0,0.01,0.01,14950.46,0.0,8626.41,0.0,2026-08-28T05:35:46.476799+00:00,77.00,77.0,2026-08-27T14:18:25.702592Z,0.0,0.0,0.01,2026-08-27T14:18:25.711298Z,2026-08-27T14:00:00Z,True
KXHIGHTSEA-26AUG25-T90,finalized,no,0.0,1.0,0.0,0.0,0.0,1.0,0.01,0.01,882.75,0.0,828.75,0.0,2026-08-28T05:35:46.476799+00:00,84.00,84.0,2026-08-26T14:18:07.052233Z,0.0,0.0,1.0,2026-08-26T14:18:07.058033Z,2026-08-26T14:00:00Z,True
KXHIGHTSEA-26AUG25-T83,finalized,no,0.0,1.0,0.0,0.0,0.0,1.0,0.01,0.01,6069.0,0.0,4885.54,0.0,2026-08-28T05:35:46.476799+00:00,84.00,84.0,2026-08-26T14:18:07.052233Z,0.0,0.0,1.0,2026-08-26T14:18:07.058033Z,2026-08-26T14:00:00Z,True
KXHIGHTSEA-26AUG25-B89.5,finalized,no,0.0,1.0,0.0,0.0,0.0,1.0,0.01,0.01,7236.36,0.0,6301.46,0.0,2026-08-28T05:35:46.476799+00:00,84.00,84.0,2026-08-26T14:18:07.052233Z,0.0,0.0,1.0,2026-08-26T14:18:07.058033Z,2026-08-26T14:00:00Z,True
KXHIGHTSEA-26AUG25-B87.5,finalized,no,0.0,1.0,0.0,0.0,0.0,1.0,0.01,0.01,13701.81,0.0,8264.91,0.0,2026-08-28T05:35:46.476799+00:00,84.00,84.0,2026-08-26T14:18:07.052233Z,0.0,0.0,1.0,2026-08-26T14:18:07.058033Z,2026-08-26T14:00:00Z,True
KXHIGHTSEA-26AUG25-B85.5,finalized,no,0.0,1.0,0.0,0.0,0.0,1.0,0.01,0.01,13853.9,0.0,6701.26,0.0,2026-08-28T05:35:46.476799+00:00,84.00,84.0,2026-08-26T14:18:07.052233Z,0.0,0.0,1.0,2026-08-26T14:18:07.058033Z,2026-08-26T14:00:00Z,True
KXHIGHTSEA-26AUG25-B83.5,finalized,yes,0.0,1.0,0.0,0.0,0.0,1.0,0.99,0.99,20083.81,0.0,8178.63,0.0,2026-08-28T05:35:46.476799+00:00,84.00,84.0,2026-08-26T14:18:07.052233Z,1.0,0.0,1.0,2026-08-26T14:18:07.058033Z,2026-08-26T14:00:00Z,True
KXHIGHTSEA-26AUG24-T82,finalized,no,0.0,1.0,0.0,0.0,0.0,1.0,0.01,0.01,12786.26,0.0,10312.29,0.0,2026-08-28T05:35:46.476799+00:00,81.00,81.0,2026-08-25T14:12:47.051061Z,0.0,0.0,1.0,2026-08-25T14:12:47.057394Z,2026-08-25T14:00:00Z,True
KXHIGHTSEA-26AUG24-T75,finalized,no,0.0,1.0,0.0,0.0,0.0,1.0,0.01,0.01,2856.04,0.0,2351.62,0.0,2026-08-28T05:35:46.476799+00:00,81.00,81.0,2026-08-25T14:12:47.051061Z,0.0,0.0,1.0,2026-08-25T14:12:47.057394Z,2026-08-25T14:00:00Z,True
KXHIGHTSEA-26AUG24-B81.5,finalized,yes,0.0,1.0,0.0,0.0,0.0,1.0,0.99,0.99,12652.34,0.0,6130.54,0.0,2026-08-28T05:35:46.476799+00:00,81.00,81.0,2026-08-25T14:12:47.051061Z,1.0,0.0,1.0,2026-08-25T14:12:47.057394Z,2026-08-25T14:00:00Z,True
KXHIGHTSEA-26AUG24-B79.5,finalized,no,0.0,1.0,0.0,0.0,0.0,1.0,0.01,0.01,19747.66,0.0,9506.79,0.0,2026-08-28T05:35:46.476799+00:00,81.00,81.0,2026-08-25T14:12:47.051061Z,0.0,0.0,1.0,2026-08-25T14:12:47.057394Z,2026-08-25T14:00:00Z,True
KXHIGHTSEA-26AUG24-B77.5,finalized,no,0.0,1.0,0.0,0.0,0.0,1.0,0.01,0.01,10762.63,0.0,6509.3,0.0,2026-08-28T05:35:46.476799+00:00,81.00,81.0,2026-08-25T14:12:47.051061Z,0.0,0.0,1.0,2026-08-25T14:12:47.057394Z,2026-08-25T14:00:00Z,True
KXHIGHTSEA-26AUG24-B75.5,finalized,no,0.0,1.0,0.0,0.0,0.0,1.0,0.01,0.01,6205.02,0.0,4673.28,0.0,2026-08-28T05:35:46.476799+00:00,81.00,81.0,2026-08-25T14:12:47.051061Z,0.0,0.0,1.0,2026-08-25T14:12:47.057394Z,2026-08-25T14:00:00Z,True
KXHIGHTSEA-26AUG23-T79,finalized,no,0.0,1.0,0.0,0.0,0.0,1.0,0.01,0.01,4043.1,0.0,3740.81,0.0,2026-08-28T05:35:46.476799+00:00,75.00,75.0,2026-08-24T14:12:37.050721Z,0.0,0.0,1.0,2026-08-24T14:12:37.106858Z,2026-08-24T14:00:00Z,True
KXHIGHTSEA-26AUG23-T72,finalized,no,0.0,1.0,0.0,0.0,0.0,1.0,0.01,0.01,2951.73,0.0,2355.95,0.0,2026-08-28T05:35:46.476799+00:00,75.00,75.0,2026-08-24T14:12:37.050721Z,0.0,0.0,1.0,2026-08-24T14:12:37.106858Z,2026-08-24T14:00:00Z,True
KXHIGHTSEA-26AUG23-B78.5,finalized,no,0.0,1.0,0.0,0.0,0.0,1.0,0.01,0.01,8548.6,0.0,5916.96,0.0,2026-08-28T05:35:46.476799+00:00,75.00,75.0,2026-08-24T14:12:37.050721Z,0.0,0.0,1.0,2026-08-24T14:12:37.106858Z,2026-08-24T14:00:00Z,True
KXHIGHTSEA-26AUG23-B76.5,finalized,no,0.0,1.0,0.0,0.0,0.0,1.0,0.01,0.01,14692.56,0.0,5855.01,0.0,2026-08-28T05:35:46.476799+00:00,75.00,75.0,2026-08-24T14:12:37.050721Z,0.0,0.0,1.0,2026-08-24T14:12:37.106858Z,2026-08-24T14:00:00Z,True
KXHIGHTSEA-26AUG23-B74.5,finalized,yes,0.0,1.0,0.0,0.0,0.0,1.0,0.99,0.99,16591.04,0.0,5955.74,0.0,2026-08-28T05:35:46.476799+00:00,75.00,75.0,2026-08-24T14:12:37.050721Z,1.0,0.0,1.0,2026-08-24T14:12:37.106858Z,2026-08-24T14:00:00Z,True
KXHIGHTSEA-26AUG23-B72.5,finalized,no,0.0,1.0,0.0,0.0,0.0,1.0,0.01,0.01,13951.6,0.0,11468.79,0.0,2026-08-28T05:35:46.476799+00:00,75.00,75.0,2026-08-24T14:12:37.050721Z,0.0,0.0,1.0,2026-08-24T14:12:37.106858Z,2026-08-24T14:00:00Z,True
KXHIGHTSEA-26AUG22-T76,finalized,no,0.0,1.0,0.0,0.0,0.0,1.0,0.01,0.01,13512.12,0.0,7681.91,0.0,2026-08-28T05:35:46.476799+00:00,76.00,76.0,2026-08-23T14:12:37.036278Z,0.0,0.0,1.0,2026-08-23T14:12:37.090393Z,2026-08-23T14:00:00Z,True
KXHIGHTSEA-26AUG22-T69,finalized,no,0.0,1.0,0.0,0.0,0.0,1.0,0.01,0.01,3280.92,0.0,2373.65,0.0,2026-08-28T05:35:46.476799+00:00,76.00,76.0,2026-08-23T14:12:37.036278Z,0.0,0.0,1.0,2026-08-23T14:12:37.090393Z,2026-08-23T14:00:00Z,True
KXHIGHTSEA-26AUG22-B75.5,finalized,yes,0.0,1.0,0.0,0.0,0.0,1.0,0.99,0.99,9335.27,0.0,4120.39,0.0,2026-08-28T05:35:46.476799+00:00,76.00,76.0,2026-08-23T14:12:37.036278Z,1.0,0.0,1.0,2026-08-23T14:12:37.090393Z,2026-08-23T14:00:00Z,True
KXHIGHTSEA-26AUG22-B73.5,finalized,no,0.0,1.0,0.0,0.0,0.0,1.0,0.01,0.01,11940.04,0.0,6917.3,0.0,2026-08-28T05:35:46.476799+00:00,76.00,76.0,2026-08-23T14:12:37.036278Z,0.0,0.0,1.0,2026-08-23T14:12:37.090393Z,2026-08-23T14:00:00Z,True
KXHIGHTSEA-26AUG22-B71.5,finalized,no,0.0,1.0,0.0,0.0,0.0,1.0,0.01,0.01,13523.36,0.0,8493.11,0.0,2026-08-28T05:35:46.476799+00:00,76.00,76.0,2026-08-23T14:12:37.036278Z,0.0,0.0,1.0,2026-08-23T14:12:37.090393Z,2026-08-23T14:00:00Z,True
KXHIGHTSEA-26AUG22-B69.5,finalized,no,0.0,1.0,0.0,0.0,0.0,1.0,0.01,0.01,6240.57,0.0,4337.56,0.0,2026-08-28T05:35:46.476799+00:00,76.00,76.0,2026-08-23T14:12:37.036278Z,0.0,0.0,1.0,2026-08-23T14:12:37.090393Z,2026-08-23T14:00:00Z,True
KXHIGHTSEA-26AUG21-T86,finalized,no,0.0,1.0,0.0,0.0,0.0,1.0,0.01,0.01,13580.03,0.0,8329.51,0.0,2026-08-28T05:35:46.476799+00:00,81.00,81.0,2026-08-22T14:12:47.035944Z,0.0,0.0,1.0,2026-08-22T14:12:47.085706Z,2026-08-22T14:00:00Z,True
KXHIGHTSEA-26AUG21-T79,finalized,no,0.0,1.0,0.0,0.0,0.0,1.0,0.01,0.01,10450.18,0.0,7286.99,0.0,2026-08-28T05:35:46.476799+00:00,81.00,81.0,2026-08-22T14:12:47.035944Z,0.0,0.0,1.0,2026-08-22T14:12:47.085706Z,2026-08-22T14:00:00Z,True
KXHIGHTSEA-26AUG21-B85.5,finalized,no,0.0,1.0,0.0,0.0,0.0,1.0,0.01,0.01,16439.37,0.0,9592.5,0.0,2026-08-28T05:35:46.476799+00:00,81.00,81.0,2026-08-22T14:12:47.035944Z,0.0,0.0,1.0,2026-08-22T14:12:47.085706Z,2026-08-22T14:00:00Z,True
KXHIGHTSEA-26AUG21-B83.5,finalized,no,0.0,1.0,0.0,0.0,0.0,1.0,0.01,0.01,11401.13,0.0,5810.89,0.0,2026-08-28T05:35:46.476799+00:00,81.00,81.0,2026-08-22T14:12:47.035944Z,0.0,0.0,1.0,2026-08-22T14:12:47.085706Z,2026-08-22T14:00:00Z,True
KXHIGHTSEA-26AUG21-B81.5,finalized,yes,0.0,1.0,0.0,0.0,0.0,1.0,0.99,0.99,26411.48,0.0,11105.16,0.0,2026-08-28T05:35:46.476799+00:00,81.00,81.0,2026-08-22T14:12:47.035944Z,1.0,0.0,1.0,2026-08-22T14:12:47.085706Z,2026-08-22T14:00:00Z,True
KXHIGHTSEA-26AUG21-B79.5,finalized,no,0.0,1.0,0.0,0.0,0.0,1.0,0.01,0.01,44620.98,0.0,23161.42,0.0,2026-08-28T05:35:46.476799+00:00,81.00,81.0,2026-08-22T14:12:47.035944Z,0.0,0.0,1.0,2026-08-22T14:12:47.085706Z,2026-08-22T14:00:00Z,True
KXHIGHTSEA-26AUG20-T86,finalized,no,0.0,1.0,0.0,0.0,0.0,1.0,0.01,0.01,15278.92,0.0,9662.58,0.0,2026-08-28T05:35:46.476799+00:00,86.00,86.0,2026-08-21T14:12:37.08654Z,0.0,0.0,1.0,2026-08-21T14:12:37.136039Z,2026-08-21T14:00:00Z,True
KXHIGHTSEA-26AUG20-T79,finalized,no,0.0,1.0,0.0,0.0,0.0,1.0,0.01,0.01,1249.63,0.0,1146.82,0.0,2026-08-28T05:35:46.476799+00:00,86.00,86.0,2026-08-21T14:12:37.08654Z,0.0,0.0,1.0,2026-08-21T14:12:37.136039Z,2026-08-21T14:00:00Z,True
KXHIGHTSEA-26AUG20-B85.5,finalized,yes,0.0,1.0,0.0,0.0,0.0,1.0,0.99,0.99,11698.37,0.0,6798.62,0.0,2026-08-28T05:35:46.476799+00:00,86.00,86.0,2026-08-21T14:12:37.08654Z,1.0,0.0,1.0,2026-08-21T14:12:37.136039Z,2026-08-21T14:00:00Z,True
KXHIGHTSEA-26AUG20-B83.5,finalized,no,0.0,1.0,0.0,0.0,0.0,1.0,0.01,0.01,19017.13,0.0,13081.14,0.0,2026-08-28T05:35:46.476799+00:00,86.00,86.0,2026-08-21T14:12:37.08654Z,0.0,0.0,1.0,2026-08-21T14:12:37.136039Z,2026-08-21T14:00:00Z,True
KXHIGHTSEA-26AUG20-B81.5,finalized,no,0.0,1.0,0.0,0.0,0.0,1.0,0.01,0.01,16746.15,0.0,12122.15,0.0,2026-08-28T05:35:46.476799+00:00,86.00,86.0,2026-08-21T14:12:37.08654Z,0.0,0.0,1.0,2026-08-21T14:12:37.136039Z,2026-08-21T14:00:00Z,True
KXHIGHTSEA-26AUG20-B79.5,finalized,no,0.0,1.0,0.0,0.0,0.0,1.0,0.01,0.01,5992.78,0.0,5875.72,0.0,2026-08-28T05:35:46.476799+00:00,86.00,86.0,2026-08-21T14:12:37.08654Z,0.0,0.0,1.0,2026-08-21T14:12:37.136039Z,2026-08-21T14:00:00Z,True
KXHIGHTSEA-26AUG19-T82,finalized,yes,0.0,1.0,0.0,0.0,0.0,1.0,0.99,0.99,16294.28,0.0,11468.78,0.0,2026-08-28T05:35:46.476799+00:00,83.00,83.0,2026-08-20T14:12:37.037329Z,1.0,0.99,1.0,2026-08-20T14:12:37.043703Z,2026-08-20T14:00:00Z,True
KXHIGHTSEA-26AUG19-T75,finalized,no,0.0,1.0,0.0,0.0,0.0,1.0,0.01,0.01,2521.41,0.0,1767.73,0.0,2026-08-28T05:35:46.476799+00:00,83.00,83.0,2026-08-20T14:12:37.037329Z,0.0,0.0,0.01,2026-08-20T14:12:37.043703Z,2026-08-20T14:00:00Z,True
KXHIGHTSEA-26AUG19-B81.5,finalized,no,0.0,1.0,0.0,0.0,0.0,1.0,0.01,0.01,17536.72,0.0,11855.14,0.0,2026-08-28T05:35:46.476799+00:00,83.00,83.0,2026-08-20T14:12:37.037329Z,0.0,0.0,0.01,2026-08-20T14:12:37.043703Z,2026-08-20T14:00:00Z,True
KXHIGHTSEA-26AUG19-B79.5,finalized,no,0.0,1.0,0.0,0.0,0.0,1.0,0.01,0.01,14572.07,0.0,7750.12,0.0,2026-08-28T05:35:46.476799+00:00,83.00,83.0,2026-08-20T14:12:37.037329Z,0.0,0.0,0.01,2026-08-20T14:12:37.043703Z,2026-08-20T14:00:00Z,True
KXHIGHTSEA-26AUG19-B77.5,finalized,no,0.0,1.0,0.0,0.0,0.0,1.0,0.01,0.01,7592.23,0.0,4667.98,0.0,2026-08-28T05:35:46.476799+00:00,83.00,83.0,2026-08-20T14:12:37.037329Z,0.0,0.0,0.01,2026-08-20T14:12:37.043703Z,2026-08-20T14:00:00Z,True
KXHIGHTSEA-26AUG19-B75.5,finalized,no,0.0,1.0,0.0,0.0,0.0,1.0,0.01,0.01,8013.29,0.0,5933.34,0.0,2026-08-28T05:35:46.476799+00:00,83.00,83.0,2026-08-20T14:12:37.037329Z,0.0,0.0,0.01,2026-08-20T14:12:37.043703Z,2026-08-20T14:00:00Z,True
KXHIGHTSEA-26AUG18-T83,finalized,no,0.0,1.0,0.0,0.0,0.0,1.0,0.01,0.01,2905.56,0.0,2645.56,0.0,2026-08-28T05:35:46.476799+00:00,80.00,80.0,2026-08-19T14:12:54.648058Z,0.0,0.0,1.0,2026-08-19T14:12:54.687446Z,2026-08-19T14:00:00Z,True
KXHIGHTSEA-26AUG18-T76,finalized,no,0.0,1.0,0.0,0.0,0.0,1.0,0.01,0.01,3422.25,0.0,2541.29,0.0,2026-08-28T05:35:46.476799+00:00,80.00,80.0,2026-08-19T14:12:54.648058Z,0.0,0.0,1.0,2026-08-19T14:12:54.687446Z,2026-08-19T14:00:00Z,True
KXHIGHTSEA-26AUG18-B82.5,finalized,no,0.0,1.0,0.0,0.0,0.0,1.0,0.01,0.01,9219.68,0.0,6720.81,0.0,2026-08-28T05:35:46.476799+00:00,80.00,80.0,2026-08-19T14:12:54.648058Z,0.0,0.0,1.0,2026-08-19T14:12:54.687446Z,2026-08-19T14:00:00Z,True
KXHIGHTSEA-26AUG18-B80.5,finalized,yes,0.0,1.0,0.0,0.0,0.0,1.0,0.99,0.99,19277.57,0.0,7788.63,0.0,2026-08-28T05:35:46.476799+00:00,80.00,80.0,2026-08-19T14:12:54.648058Z,1.0,0.0,1.0,2026-08-19T14:12:54.687446Z,2026-08-19T14:00:00Z,True
KXHIGHTSEA-26AUG18-B78.5,finalized,no,0.0,1.0,0.0,0.0,0.0,1.0,0.01,0.01,21841.28,0.0,14764.47,0.0,2026-08-28T05:35:46.476799+00:00,80.00,80.0,2026-08-19T14:12:54.648058Z,0.0,0.0,1.0,2026-08-19T14:12:54.687446Z,2026-08-19T14:00:00Z,True
KXHIGHTSEA-26AUG18-B76.5,finalized,no,0.0,1.0,0.0,0.0,0.0,1.0,0.01,0.01,8709.31,0.0,5722.71,0.0,2026-08-28T05:35:46.476799+00:00,80.00,80.0,2026-08-19T14:12:54.648058Z,0.0,0.0,1.0,2026-08-19T14:12:54.687446Z,2026-08-19T14:00:00Z,True
KXHIGHTSEA-26AUG17-T84,finalized,no,0.0,1.0,0.0,0.0,0.0,1.0,0.01,0.01,2887.68,0.0,2868.68,0.0,2026-08-28T05:35:46.476799+00:00,80.00,80.0,2026-08-18T14:12:42.346677Z,0.0,0.0,1.0,2026-08-18T14:12:42.37009Z,2026-08-18T14:00:00Z,True
KXHIGHTSEA-26AUG17-T77,finalized,no,0.0,1.0,0.0,0.0,0.0,1.0,0.01,0.01,8869.19,0.0,5558.87,0.0,2026-08-28T05:35:46.476799+00:00,80.00,80.0,2026-08-18T14:12:42.346677Z,0.0,0.0,1.0,2026-08-18T14:12:42.37009Z,2026-08-18T14:00:00Z,True
KXHIGHTSEA-26AUG17-B83.5,finalized,no,0.0,1.0,0.0,0.0,0.0,1.0,0.02,0.02,2968.38,0.0,2530.79,0.0,2026-08-28T05:35:46.476799+00:00,80.00,80.0,2026-08-18T14:12:42.346677Z,0.0,0.0,1.0,2026-08-18T14:12:42.37009Z,2026-08-18T14:00:00Z,True
KXHIGHTSEA-26AUG17-B81.5,finalized,no,0.0,1.0,0.0,0.0,0.0,1.0,0.01,0.01,17776.68,0.0,8124.47,0.0,2026-08-28T05:35:46.476799+00:00,80.00,80.0,2026-08-18T14:12:42.346677Z,0.0,0.0,1.0,2026-08-18T14:12:42.37009Z,2026-08-18T14:00:00Z,True
KXHIGHTSEA-26AUG17-B79.5,finalized,yes,0.0,1.0,0.0,0.0,0.0,1.0,0.99,0.99,24097.47,0.0,10788.9,0.0,2026-08-28T05:35:46.476799+00:00,80.00,80.0,2026-08-18T14:12:42.346677Z,1.0,0.0,1.0,2026-08-18T14:12:42.37009Z,2026-08-18T14:00:00Z,True
KXHIGHTSEA-26AUG17-B77.5,finalized,no,0.0,1.0,0.0,0.0,0.0,1.0,0.01,0.01,34545.16,0.0,21075.45,0.0,2026-08-28T05:35:46.476799+00:00,80.00,80.0,2026-08-18T14:12:42.346677Z,0.0,0.0,1.0,2026-08-18T14:12:42.37009Z,2026-08-18T14:00:00Z,True
KXHIGHTSEA-26AUG16-T84,finalized,no,0.0,1.0,0.0,0.0,0.0,1.0,0.01,0.01,898.0,0.0,581.0,0.0,2026-08-28T05:35:46.476799+00:00,75.00,75.0,2026-08-17T19:12:42.349031Z,0.0,0.0,1.0,2026-08-17T19:12:42.373839Z,2026-08-17T14:00:00Z,True
KXHIGHTSEA-26AUG16-T77,finalized,yes,0.0,1.0,0.0,0.0,0.0,1.0,0.99,0.99,8733.2,0.0,5599.79,0.0,2026-08-28T05:35:46.476799+00:00,75.00,75.0,2026-08-17T19:12:42.349031Z,1.0,0.0,1.0,2026-08-17T19:12:42.373839Z,2026-08-17T14:00:00Z,True
KXHIGHTSEA-26AUG16-B83.5,finalized,no,0.0,1.0,0.0,0.0,0.0,1.0,0.01,0.01,543.17,0.0,513.41,0.0,2026-08-28T05:35:46.476799+00:00,75.00,75.0,2026-08-17T19:12:42.349031Z,0.0,0.0,1.0,2026-08-17T19:12:42.373839Z,2026-08-17T14:00:00Z,True
KXHIGHTSEA-26AUG16-B81.5,finalized,no,0.0,1.0,0.0,0.0,0.0,1.0,0.01,0.01,826.05,0.0,724.85,0.0,2026-08-28T05:35:46.476799+00:00,75.00,75.0,2026-08-17T19:12:42.349031Z,0.0,0.0,1.0,2026-08-17T19:12:42.373839Z,2026-08-17T14:00:00Z,True
KXHIGHTSEA-26AUG16-B79.5,finalized,no,0.0,1.0,0.0,0.0,0.0,1.0,0.01,0.01,1613.78,0.0,1050.27,0.0,2026-08-28T05:35:46.476799+00:00,75.00,75.0,2026-08-17T19:12:42.349031Z,0.0,0.0,1.0,2026-08-17T19:12:42.373839Z,2026-08-17T14:00:00Z,True
KXHIGHTSEA-26AUG16-B77.5,finalized,no,0.0,1.0,0.0,0.0,0.0,1.0,0.01,0.01,5647.29,0.0,2996.59,0.0,2026-08-28T05:35:46.476799+00:00,75.00,75.0,2026-08-17T19:12:42.349031Z,0.0,0.0,1.0,2026-08-17T19:12:42.373839Z,2026-08-17T14:00:00Z,True
KXHIGHTSEA-26AUG15-T86,finalized,no,0.0,1.0,0.0,0.0,0.0,1.0,0.01,0.01,1757.56,0.0,1030.28,0.0,2026-08-28T05:35:46.476799+00:00,75.00,75.0,2026-08-16T19:12:22.350703Z,0.0,0.0,1.0,2026-08-16T19:12:22.396052Z,2026-08-16T14:41:08Z,True
KXHIGHTSEA-26AUG15-T79,finalized,yes,0.0,1.0,0.0,0.0,0.0,1.0,0.99,0.99,7900.36,0.0,4901.93,0.0,2026-08-28T05:35:46.476799+00:00,75.00,75.0,2026-08-16T19:12:22.350703Z,1.0,0.0,1.0,2026-08-16T19:12:22.396052Z,2026-08-16T14:41:08Z,True
KXHIGHTSEA-26AUG15-B85.5,finalized,no,0.0,1.0,0.0,0.0,0.0,1.0,0.01,0.01,745.15,0.0,675.15,0.0,2026-08-28T05:35:46.476799+00:00,75.00,75.0,2026-08-16T19:12:22.350703Z,0.0,0.0,1.0,2026-08-16T19:12:22.396052Z,2026-08-16T14:41:08Z,True
KXHIGHTSEA-26AUG15-B83.5,finalized,no,0.0,1.0,0.0,0.0,0.0,1.0,0.01,0.01,1201.62,0.0,912.62,0.0,2026-08-28T05:35:46.476799+00:00,75.00,75.0,2026-08-16T19:12:22.350703Z,0.0,0.0,1.0,2026-08-16T19:12:22.396052Z,2026-08-16T14:41:08Z,True
KXHIGHTSEA-26AUG15-B81.5,finalized,no,0.0,1.0,0.0,0.0,0.0,1.0,0.01,0.01,1909.63,0.0,1374.85,0.0,2026-08-28T05:35:46.476799+00:00,75.00,75.0,2026-08-16T19:12:22.350703Z,0.0,0.0,1.0,2026-08-16T19:12:22.396052Z,2026-08-16T14:41:08Z,True
KXHIGHTSEA-26AUG15-B79.5,finalized,no,0.0,1.0,0.0,0.0,0.0,1.0,0.01,0.01,7592.4,0.0,4184.62,0.0,2026-08-28T05:35:46.476799+00:00,75.00,75.0,2026-08-16T19:12:22.350703Z,0.0,0.0,1.0,2026-08-16T19:12:22.396052Z,2026-08-16T14:41:08Z,True
KXHIGHTSEA-26AUG14-T84,finalized,no,0.0,1.0,0.0,0.0,0.0,1.0,0.01,0.01,1799.99,0.0,1348.1,0.0,2026-08-28T05:35:46.476799+00:00,78.00,78.0,2026-08-15T19:16:42.351521Z,0.0,0.0,1.0,2026-08-15T19:16:42.386698Z,2026-08-15T17:14:25Z,True
KXHIGHTSEA-26AUG14-T77,finalized,no,0.0,1.0,0.0,0.0,0.0,1.0,0.01,0.01,28467.89,0.0,20471.75,0.0,2026-08-28T05:35:46.476799+00:00,78.00,78.0,2026-08-15T19:16:42.351521Z,0.0,0.0,1.0,2026-08-15T19:16:42.386698Z,2026-08-15T17:14:25Z,True
KXHIGHTSEA-26AUG14-B83.5,finalized,no,0.0,1.0,0.0,0.0,0.0,1.0,0.01,0.01,5148.92,0.0,3826.72,0.0,2026-08-28T05:35:46.476799+00:00,78.00,78.0,2026-08-15T19:16:42.351521Z,0.0,0.0,1.0,2026-08-15T19:16:42.386698Z,2026-08-15T17:14:25Z,True
KXHIGHTSEA-26AUG14-B81.5,finalized,no,0.0,1.0,0.0,0.0,0.0,1.0,0.01,0.01,13106.65,0.0,6885.75,0.0,2026-08-28T05:35:46.476799+00:00,78.00,78.0,2026-08-15T19:16:42.351521Z,0.0,0.0,1.0,2026-08-15T19:16:42.386698Z,2026-08-15T17:14:25Z,True
KXHIGHTSEA-26AUG14-B79.5,finalized,no,0.0,1.0,0.0,0.0,0.0,1.0,0.01,0.01,37069.49,0.0,18946.71,0.0,2026-08-28T05:35:46.476799+00:00,78.00,78.0,2026-08-15T19:16:42.351521Z,0.0,0.0,1.0,2026-08-15T19:16:42.386698Z,2026-08-15T17:14:25Z,True
KXHIGHTSEA-26AUG14-B77.5,finalized,yes,0.0,1.0,0.0,0.0,0.0,1.0,0.99,0.99,42968.58,0.0,22219.0,0.0,2026-08-28T05:35:46.476799+00:00,78.00,78.0,2026-08-15T19:16:42.351521Z,1.0,0.0,1.0,2026-08-15T19:16:42.386698Z,2026-08-15T17:14:25Z,True
KXHIGHTSEA-26AUG13-T85,finalized,no,0.0,1.0,0.0,0.0,0.0,1.0,0.01,0.01,1847.35,0.0,1689.36,0.0,2026-08-28T05:35:46.476799+00:00,81.00,81.0,2026-08-14T11:11:54.402378Z,0.0,0.0,1.0,2026-08-14T11:11:54.447524Z,2026-08-14T14:00:00Z,True
KXHIGHTSEA-26AUG13-T78,finalized,no,0.0,1.0,0.0,0.0,0.0,1.0,0.01,0.01,9434.0,0.0,5535.72,0.0,2026-08-28T05:35:46.476799+00:00,81.00,81.0,2026-08-14T11:11:54.402378Z,0.0,0.0,1.0,2026-08-14T11:11:54.447524Z,2026-08-14T14:00:00Z,True
KXHIGHTSEA-26AUG13-B84.5,finalized,no,0.0,1.0,0.0,0.0,0.0,1.0,0.01,0.01,4732.92,0.0,2976.37,0.0,2026-08-28T05:35:46.476799+00:00,81.00,81.0,2026-08-14T11:11:54.402378Z,0.0,0.0,1.0,2026-08-14T11:11:54.447524Z,2026-08-14T14:00:00Z,True
KXHIGHTSEA-26AUG13-B82.5,finalized,no,0.0,1.0,0.0,0.0,0.0,1.0,0.01,0.01,25002.46,0.0,11325.61,0.0,2026-08-28T05:35:46.476799+00:00,81.00,81.0,2026-08-14T11:11:54.402378Z,0.0,0.0,1.0,2026-08-14T11:11:54.447524Z,2026-08-14T14:00:00Z,True
KXHIGHTSEA-26AUG13-B80.5,finalized,yes,0.0,1.0,0.0,0.0,0.0,1.0,0.99,0.99,29855.29,0.0,16530.77,0.0,2026-08-28T05:35:46.476799+00:00,81.00,81.0,2026-08-14T11:11:54.402378Z,1.0,0.0,1.0,2026-08-14T11:11:54.447524Z,2026-08-14T14:00:00Z,True
KXHIGHTSEA-26AUG13-B78.5,finalized,no,0.0,1.0,0.0,0.0,0.0,1.0,0.01,0.01,24530.77,0.0,13661.15,0.0,2026-08-28T05:35:46.476799+00:00,81.00,81.0,2026-08-14T11:11:54.402378Z,0.0,0.0,1.0,2026-08-14T11:11:54.447524Z,2026-08-14T14:00:00Z,True
KXHIGHTSEA-26AUG12-T79,finalized,no,0.0,1.0,0.0,0.0,0.0,1.0,0.01,0.01,21645.59,0.0,8488.78,0.0,2026-08-28T05:35:46.476799+00:00,79.00,79.0,2026-08-13T11:11:54.400561Z,0.0,0.0,0.01,2026-08-13T11:11:54.446984Z,2026-08-13T14:00:00Z,True
KXHIGHTSEA-26AUG12-T72,finalized,no,0.0,1.0,0.0,0.0,0.0,1.0,0.01,0.01,1514.7,0.0,1414.83,0.0,2026-08-28T05:35:46.476799+00:00,79.00,79.0,2026-08-13T11:11:54.400561Z,0.0,0.0,0.01,2026-08-13T11:11:54.446984Z,2026-08-13T14:00:00Z,True
KXHIGHTSEA-26AUG12-B78.5,finalized,yes,0.0,1.0,0.0,0.0,0.0,1.0,0.99,0.99,24399.08,0.0,9192.26,0.0,2026-08-28T05:35:46.476799+00:00,79.00,79.0,2026-08-13T11:11:54.400561Z,1.0,0.99,1.0,2026-08-13T11:11:54.446984Z,2026-08-13T14:00:00Z,True
KXHIGHTSEA-26AUG12-B76.5,finalized,no,0.0,1.0,0.0,0.0,0.0,1.0,0.01,0.01,11443.49,0.0,7395.3,0.0,2026-08-28T05:35:46.476799+00:00,79.00,79.0,2026-08-13T11:11:54.400561Z,0.0,0.0,0.01,2026-08-13T11:11:54.446984Z,2026-08-13T14:00:00Z,True
KXHIGHTSEA-26AUG12-B74.5,finalized,no,0.0,1.0,0.0,0.0,0.0,1.0,0.01,0.01,10270.34,0.0,6479.55,0.0,2026-08-28T05:35:46.476799+00:00,79.00,79.0,2026-08-13T11:11:54.400561Z,0.0,0.0,0.01,2026-08-13T11:11:54.446984Z,2026-08-13T14:00:00Z,True
KXHIGHTSEA-26AUG12-B72.5,finalized,no,0.0,1.0,0.0,0.0,0.0,1.0,0.01,0.01,3635.89,0.0,3000.27,0.0,2026-08-28T05:35:46.476799+00:00,79.00,79.0,2026-08-13T11:11:54.400561Z,0.0,0.0,0.01,2026-08-13T11:11:54.446984Z,2026-08-13T14:00:00Z,True
KXHIGHTSEA-26AUG11-T83,finalized,no,0.0,1.0,0.0,0.0,0.0,1.0,0.01,0.01,1703.88,0.0,1596.88,0.0,2026-08-28T05:35:46.476799+00:00,79.00,79.0,2026-08-12T11:06:39.070511Z,0.0,0.0,1.0,2026-08-12T11:06:39.081229Z,2026-08-12T14:00:00Z,True
KXHIGHTSEA-26AUG11-T76,finalized,no,0.0,1.0,0.0,0.0,0.0,1.0,0.01,0.01,9301.99,0.0,5213.12,0.0,2026-08-28T05:35:46.476799+00:00,79.00,79.0,2026-08-12T11:06:39.070511Z,0.0,0.0,1.0,2026-08-12T11:06:39.081229Z,2026-08-12T14:00:00Z,True
KXHIGHTSEA-26AUG11-B82.5,finalized,no,0.0,1.0,0.0,0.0,0.0,1.0,0.01,0.01,5383.25,0.0,3400.0,0.0,2026-08-28T05:35:46.476799+00:00,79.00,79.0,2026-08-12T11:06:39.070511Z,0.0,0.0,1.0,2026-08-12T11:06:39.081229Z,2026-08-12T14:00:00Z,True
KXHIGHTSEA-26AUG11-B80.5,finalized,no,0.0,1.0,0.0,0.0,0.0,1.0,0.01,0.01,16571.37,0.0,9704.6,0.0,2026-08-28T05:35:46.476799+00:00,79.00,79.0,2026-08-12T11:06:39.070511Z,0.0,0.0,1.0,2026-08-12T11:06:39.081229Z,2026-08-12T14:00:00Z,True
KXHIGHTSEA-26AUG11-B78.5,finalized,yes,0.0,1.0,0.0,0.0,0.0,1.0,0.99,0.99,14477.28,0.0,8927.81,0.0,2026-08-28T05:35:46.476799+00:00,79.00,79.0,2026-08-12T11:06:39.070511Z,1.0,0.0,1.0,2026-08-12T11:06:39.081229Z,2026-08-12T14:00:00Z,True
KXHIGHTSEA-26AUG11-B76.5,finalized,no,0.0,1.0,0.0,0.0,0.0,1.0,0.01,0.01,20833.71,0.0,12780.64,0.0,2026-08-28T05:35:46.476799+00:00,79.00,79.0,2026-08-12T11:06:39.070511Z,0.0,0.0,1.0,2026-08-12T11:06:39.081229Z,2026-08-12T14:00:00Z,True
KXHIGHTSEA-26AUG10-T83,finalized,no,0.0,1.0,0.0,0.0,0.0,1.0,0.01,0.01,873.0,0.0,843.0,0.0,2026-08-28T05:35:46.476799+00:00,74.00,74.0,2026-08-11T11:06:59.873362Z,0.0,0.0,1.0,2026-08-11T11:06:59.887473Z,2026-08-11T14:00:00Z,True
KXHIGHTSEA-26AUG10-T76,finalized,yes,0.0,1.0,0.0,0.0,0.0,1.0,0.99,0.99,30540.25,0.0,17321.77,0.0,2026-08-28T05:35:46.476799+00:00,74.00,74.0,2026-08-11T11:06:59.873362Z,1.0,0.0,1.0,2026-08-11T11:06:59.887473Z,2026-08-11T14:00:00Z,True
KXHIGHTSEA-26AUG10-B82.5,finalized,no,0.0,1.0,0.0,0.0,0.0,1.0,0.01,0.01,995.28,0.0,924.18,0.0,2026-08-28T05:35:46.476799+00:00,74.00,74.0,2026-08-11T11:06:59.873362Z,0.0,0.0,1.0,2026-08-11T11:06:59.887473Z,2026-08-11T14:00:00Z,True
KXHIGHTSEA-26AUG10-B80.5,finalized,no,0.0,1.0,0.0,0.0,0.0,1.0,0.01,0.01,3908.55,0.0,2415.07,0.0,2026-08-28T05:35:46.476799+00:00,74.00,74.0,2026-08-11T11:06:59.873362Z,0.0,0.0,1.0,2026-08-11T11:06:59.887473Z,2026-08-11T14:00:00Z,True
KXHIGHTSEA-26AUG10-B78.5,finalized,no,0.0,1.0,0.0,0.0,0.0,1.0,0.01,0.01,8783.39,0.0,3661.85,0.0,2026-08-28T05:35:46.476799+00:00,74.00,74.0,2026-08-11T11:06:59.873362Z,0.0,0.0,1.0,2026-08-11T11:06:59.887473Z,2026-08-11T14:00:00Z,True
KXHIGHTSEA-26AUG10-B76.5,finalized,no,0.0,1.0,0.0,0.0,0.0,1.0,0.01,0.01,23759.35,0.0,13058.39,0.0,2026-08-28T05:35:46.476799+00:00,74.00,74.0,2026-08-11T11:06:59.873362Z,0.0,0.0,1.0,2026-08-11T11:06:59.887473Z,2026-08-11T14:00:00Z,True
KXHIGHTSEA-26AUG09-T83,finalized,no,0.0,1.0,0.0,0.0,0.0,1.0,0.01,0.01,964.87,0.0,964.77,0.0,2026-08-28T05:35:46.476799+00:00,77.00,77.0,2026-08-10T11:06:25.479577Z,0.0,0.0,1.0,2026-08-10T11:06:25.52653Z,2026-08-10T14:00:00Z,True
KXHIGHTSEA-26AUG09-T76,finalized,no,0.0,1.0,0.0,0.0,0.0,1.0,0.01,0.01,7124.44,0.0,4960.99,0.0,2026-08-28T05:35:46.476799+00:00,77.00,77.0,2026-08-10T11:06:25.479577Z,0.0,0.0,1.0,2026-08-10T11:06:25.52653Z,2026-08-10T14:00:00Z,True
KXHIGHTSEA-26AUG09-B82.5,finalized,no,0.0,1.0,0.0,0.0,0.0,1.0,0.01,0.01,2239.12,0.0,1617.03,0.0,2026-08-28T05:35:46.476799+00:00,77.00,77.0,2026-08-10T11:06:25.479577Z,0.0,0.0,1.0,2026-08-10T11:06:25.52653Z,2026-08-10T14:00:00Z,True
KXHIGHTSEA-26AUG09-B80.5,finalized,no,0.0,1.0,0.0,0.0,0.0,1.0,0.01,0.01,10006.48,0.0,3442.82,0.0,2026-08-28T05:35:46.476799+00:00,77.00,77.0,2026-08-10T11:06:25.479577Z,0.0,0.0,1.0,2026-08-10T11:06:25.52653Z,2026-08-10T14:00:00Z,True
KXHIGHTSEA-26AUG09-B78.5,finalized,no,0.0,1.0,0.0,0.0,0.0,1.0,0.01,0.01,25812.74,0.0,13803.3,0.0,2026-08-28T05:35:46.476799+00:00,77.00,77.0,2026-08-10T11:06:25.479577Z,0.0,0.0,1.0,2026-08-10T11:06:25.52653Z,2026-08-10T14:00:00Z,True
KXHIGHTSEA-26AUG09-B76.5,finalized,yes,0.0,1.0,0.0,0.0,0.0,1.0,0.99,0.99,37923.7,0.0,13213.64,0.0,2026-08-28T05:35:46.476799+00:00,77.00,77.0,2026-08-10T11:06:25.479577Z,1.0,0.0,1.0,2026-08-10T11:06:25.52653Z,2026-08-10T14:00:00Z,True
KXHIGHTSEA-26AUG08-T86,finalized,no,0.0,1.0,0.0,0.0,0.0,1.0,0.01,0.01,857.92,0.0,769.02,0.0,2026-08-28T05:35:46.476799+00:00,83.00,83.0,2026-08-09T11:06:45.525168Z,0.0,0.0,1.0,2026-08-09T11:06:45.530577Z,2026-08-09T14:00:00Z,True
KXHIGHTSEA-26AUG08-T79,finalized,no,0.0,1.0,0.0,0.0,0.0,1.0,0.01,0.01,3651.5,0.0,2176.53,0.0,2026-08-28T05:35:46.476799+00:00,83.00,83.0,2026-08-09T11:06:45.525168Z,0.0,0.0,1.0,2026-08-09T11:06:45.530577Z,2026-08-09T14:00:00Z,True
KXHIGHTSEA-26AUG08-B85.5,finalized,no,0.0,1.0,0.0,0.0,0.0,1.0,0.01,0.01,8121.86,0.0,4904.52,0.0,2026-08-28T05:35:46.476799+00:00,83.00,83.0,2026-08-09T11:06:45.525168Z,0.0,0.0,1.0,2026-08-09T11:06:45.530577Z,2026-08-09T14:00:00Z,True
KXHIGHTSEA-26AUG08-B83.5,finalized,yes,0.0,1.0,0.0,0.0,0.0,1.0,0.99,0.99,20730.08,0.0,9093.64,0.0,2026-08-28T05:35:46.476799+00:00,83.00,83.0,2026-08-09T11:06:45.525168Z,1.0,0.0,1.0,2026-08-09T11:06:45.530577Z,2026-08-09T14:00:00Z,True
KXHIGHTSEA-26AUG08-B81.5,finalized,no,0.0,1.0,0.0,0.0,0.0,1.0,0.01,0.01,20271.78,0.0,9075.56,0.0,2026-08-28T05:35:46.476799+00:00,83.00,83.0,2026-08-09T11:06:45.525168Z,0.0,0.0,1.0,2026-08-09T11:06:45.530577Z,2026-08-09T14:00:00Z,True
KXHIGHTSEA-26AUG08-B79.5,finalized,no,0.0,1.0,0.0,0.0,0.0,1.0,0.01,0.01,15312.84,0.0,8859.03,0.0,2026-08-28T05:35:46.476799+00:00,83.00,83.0,2026-08-09T11:06:45.525168Z,0.0,0.0,1.0,2026-08-09T11:06:45.530577Z,2026-08-09T14:00:00Z,True
KXHIGHTSEA-26AUG07-T92,finalized,no,0.0,1.0,0.0,0.0,0.0,1.0,0.01,0.01,671.0,0.0,657.0,0.0,2026-08-28T05:35:46.476799+00:00,86.00,86.0,2026-08-08T11:06:35.546425Z,0.0,0.0,1.0,2026-08-08T11:06:35.57236Z,2026-08-08T14:00:00Z,True
KXHIGHTSEA-26AUG07-T85,finalized,no,0.0,1.0,0.0,0.0,0.0,1.0,0.01,0.01,19324.57,0.0,11151.14,0.0,2026-08-28T05:35:46.476799+00:00,86.00,86.0,2026-08-08T11:06:35.546425Z,0.0,0.0,1.0,2026-08-08T11:06:35.57236Z,2026-08-08T14:00:00Z,True
KXHIGHTSEA-26AUG07-B91.5,finalized,no,0.0,1.0,0.0,0.0,0.0,1.0,0.01,0.01,881.62,0.0,679.62,0.0,2026-08-28T05:35:46.476799+00:00,86.00,86.0,2026-08-08T11:06:35.546425Z,0.0,0.0,1.0,2026-08-08T11:06:35.57236Z,2026-08-08T14:00:00Z,True
KXHIGHTSEA-26AUG07-B89.5,finalized,no,0.0,1.0,0.0,0.0,0.0,1.0,0.01,0.01,4259.17,0.0,2270.64,0.0,2026-08-28T05:35:46.476799+00:00,86.00,86.0,2026-08-08T11:06:35.546425Z,0.0,0.0,1.0,2026-08-08T11:06:35.57236Z,2026-08-08T14:00:00Z,True
KXHIGHTSEA-26AUG07-B87.5,finalized,no,0.0,1.0,0.0,0.0,0.0,1.0,0.01,0.01,10260.41,0.0,6355.71,0.0,2026-08-28T05:35:46.476799+00:00,86.00,86.0,2026-08-08T11:06:35.546425Z,0.0,0.0,1.0,2026-08-08T11:06:35.57236Z,2026-08-08T14:00:00Z,True
KXHIGHTSEA-26AUG07-B85.5,finalized,yes,0.0,1.0,0.0,0.0,0.0,1.0,0.99,0.99,22063.63,0.0,11414.57,0.0,2026-08-28T05:35:46.476799+00:00,86.00,86.0,2026-08-08T11:06:35.546425Z,1.0,0.0,1.0,2026-08-08T11:06:35.57236Z,2026-08-08T14:00:00Z,True
KXHIGHTSEA-26AUG06-T94,finalized,no,0.0,1.0,0.0,0.0,0.0,1.0,0.01,0.01,594.86,0.0,594.86,0.0,2026-08-28T05:35:46.476799+00:00,88.00,88.0,2026-08-07T11:06:35.470138Z,0.0,0.0,1.0,2026-08-07T11:06:35.513342Z,2026-08-07T14:00:00Z,True
KXHIGHTSEA-26AUG06-T87,finalized,no,0.0,1.0,0.0,0.0,0.0,1.0,0.01,0.01,46287.26,0.0,31337.93,0.0,2026-08-28T05:35:46.476799+00:00,88.00,88.0,2026-08-07T11:06:35.470138Z,0.0,0.0,1.0,2026-08-07T11:06:35.513342Z,2026-08-07T14:00:00Z,True
KXHIGHTSEA-26AUG06-B93.5,finalized,no,0.0,1.0,0.0,0.0,0.0,1.0,0.01,0.01,713.41,0.0,639.03,0.0,2026-08-28T05:35:46.476799+00:00,88.00,88.0,2026-08-07T11:06:35.470138Z,0.0,0.0,1.0,2026-08-07T11:06:35.513342Z,2026-08-07T14:00:00Z,True
KXHIGHTSEA-26AUG06-B91.5,finalized,no,0.0,1.0,0.0,0.0,0.0,1.0,0.01,0.01,4185.32,0.0,2764.2,0.0,2026-08-28T05:35:46.476799+00:00,88.00,88.0,2026-08-07T11:06:35.470138Z,0.0,0.0,1.0,2026-08-07T11:06:35.513342Z,2026-08-07T14:00:00Z,True
KXHIGHTSEA-26AUG06-B89.5,finalized,no,0.0,1.0,0.0,0.0,0.0,1.0,0.01,0.01,14134.63,0.0,9150.58,0.0,2026-08-28T05:35:46.476799+00:00,88.00,88.0,2026-08-07T11:06:35.470138Z,0.0,0.0,1.0,2026-08-07T11:06:35.513342Z,2026-08-07T14:00:00Z,True
KXHIGHTSEA-26AUG06-B87.5,finalized,yes,0.0,1.0,0.0,0.0,0.0,1.0,0.99,0.99,23396.49,0.0,11087.05,0.0,2026-08-28T05:35:46.476799+00:00,88.00,88.0,2026-08-07T11:06:35.470138Z,1.0,0.0,1.0,2026-08-07T11:06:35.513342Z,2026-08-07T14:00:00Z,True
KXHIGHTSEA-26AUG05-T95,finalized,no,0.0,1.0,0.0,0.0,0.0,1.0,0.01,0.01,546.55,0.0,545.55,0.0,2026-08-28T05:35:46.476799+00:00,87.00,87.0,2026-08-06T11:06:31.767493Z,0.0,0.0,0.01,2026-08-06T11:06:31.814824Z,2026-08-06T14:00:00Z,True
KXHIGHTSEA-26AUG05-T88,finalized,yes,0.0,1.0,0.0,0.0,0.0,1.0,0.99,0.99,46005.56,0.0,30619.37,0.0,2026-08-28T05:35:46.476799+00:00,87.00,87.0,2026-08-06T11:06:31.767493Z,1.0,0.99,1.0,2026-08-06T11:06:31.814824Z,2026-08-06T14:00:00Z,True
KXHIGHTSEA-26AUG05-B94.5,finalized,no,0.0,1.0,0.0,0.0,0.0,1.0,0.01,0.01,692.14,0.0,610.49,0.0,2026-08-28T05:35:46.476799+00:00,87.00,87.0,2026-08-06T11:06:31.767493Z,0.0,0.0,0.01,2026-08-06T11:06:31.814824Z,2026-08-06T14:00:00Z,True
KXHIGHTSEA-26AUG05-B92.5,finalized,no,0.0,1.0,0.0,0.0,0.0,1.0,0.01,0.01,2539.49,0.0,1762.28,0.0,2026-08-28T05:35:46.476799+00:00,87.00,87.0,2026-08-06T11:06:31.767493Z,0.0,0.0,0.01,2026-08-06T11:06:31.814824Z,2026-08-06T14:00:00Z,True
KXHIGHTSEA-26AUG05-B90.5,finalized,no,0.0,1.0,0.0,0.0,0.0,1.0,0.01,0.01,4957.02,0.0,2647.12,0.0,2026-08-28T05:35:46.476799+00:00,87.00,87.0,2026-08-06T11:06:31.767493Z,0.0,0.0,0.01,2026-08-06T11:06:31.814824Z,2026-08-06T14:00:00Z,True
KXHIGHTSEA-26AUG05-B88.5,finalized,no,0.0,1.0,0.0,0.0,0.0,1.0,0.01,0.01,36351.91,0.0,27079.76,0.0,2026-08-28T05:35:46.476799+00:00,87.00,87.0,2026-08-06T11:06:31.767493Z,0.0,0.0,0.01,2026-08-06T11:06:31.814824Z,2026-08-06T14:00:00Z,True
KXHIGHTSEA-26AUG04-T91,finalized,no,0.0,1.0,0.0,0.0,0.0,1.0,0.01,0.01,596.68,0.0,558.24,0.0,2026-08-28T05:35:46.476799+00:00,81.00,81.0,2026-08-05T11:06:30.933358Z,0.0,0.0,1.0,2026-08-05T11:06:30.943037Z,2026-08-05T14:00:00Z,True
KXHIGHTSEA-26AUG04-T84,finalized,yes,0.0,1.0,0.0,0.0,0.0,1.0,0.99,0.99,21352.62,0.0,11158.79,0.0,2026-08-28T05:35:46.476799+00:00,81.00,81.0,2026-08-05T11:06:30.933358Z,1.0,0.0,1.0,2026-08-05T11:06:30.943037Z,2026-08-05T14:00:00Z,True
KXHIGHTSEA-26AUG04-B90.5,finalized,no,0.0,1.0,0.0,0.0,0.0,1.0,0.01,0.01,1372.22,0.0,945.29,0.0,2026-08-28T05:35:46.476799+00:00,81.00,81.0,2026-08-05T11:06:30.933358Z,0.0,0.0,1.0,2026-08-05T11:06:30.943037Z,2026-08-05T14:00:00Z,True
KXHIGHTSEA-26AUG04-B88.5,finalized,no,0.0,1.0,0.0,0.0,0.0,1.0,0.01,0.01,3332.63,0.0,2042.93,0.0,2026-08-28T05:35:46.476799+00:00,81.00,81.0,2026-08-05T11:06:30.933358Z,0.0,0.0,1.0,2026-08-05T11:06:30.943037Z,2026-08-05T14:00:00Z,True
KXHIGHTSEA-26AUG04-B86.5,finalized,no,0.0,1.0,0.0,0.0,0.0,1.0,0.01,0.01,6598.94,0.0,4448.97,0.0,2026-08-28T05:35:46.476799+00:00,81.00,81.0,2026-08-05T11:06:30.933358Z,0.0,0.0,1.0,2026-08-05T11:06:30.943037Z,2026-08-05T14:00:00Z,True
KXHIGHTSEA-26AUG04-B84.5,finalized,no,0.0,1.0,0.0,0.0,0.0,1.0,0.01,0.01,16581.39,0.0,8339.8,0.0,2026-08-28T05:35:46.476799+00:00,81.00,81.0,2026-08-05T11:06:30.933358Z,0.0,0.0,1.0,2026-08-05T11:06:30.943037Z,2026-08-05T14:00:00Z,True
KXHIGHTSEA-26AUG03-T82,finalized,no,0.0,1.0,0.0,0.0,0.0,1.0,0.01,0.01,1182.58,0.0,1082.15,0.0,2026-08-28T05:35:46.476799+00:00,76.00,76.0,2026-08-04T11:06:30.935311Z,0.0,0.0,1.0,2026-08-04T11:06:30.989717Z,2026-08-04T14:00:00Z,True
KXHIGHTSEA-26AUG03-T75,finalized,no,0.0,1.0,0.0,0.0,0.0,1.0,0.01,0.01,21359.93,0.0,12191.93,0.0,2026-08-28T05:35:46.476799+00:00,76.00,76.0,2026-08-04T11:06:30.935311Z,0.0,0.0,1.0,2026-08-04T11:06:30.989717Z,2026-08-04T14:00:00Z,True
KXHIGHTSEA-26AUG03-B81.5,finalized,no,0.0,1.0,0.0,0.0,0.0,1.0,0.01,0.01,6159.07,0.0,5430.97,0.0,2026-08-28T05:35:46.476799+00:00,76.00,76.0,2026-08-04T11:06:30.935311Z,0.0,0.0,1.0,2026-08-04T11:06:30.989717Z,2026-08-04T14:00:00Z,True
KXHIGHTSEA-26AUG03-B79.5,finalized,no,0.0,1.0,0.0,0.0,0.0,1.0,0.01,0.01,10251.29,0.0,5722.24,0.0,2026-08-28T05:35:46.476799+00:00,76.00,76.0,2026-08-04T11:06:30.935311Z,0.0,0.0,1.0,2026-08-04T11:06:30.989717Z,2026-08-04T14:00:00Z,True
KXHIGHTSEA-26AUG03-B77.5,finalized,no,0.0,1.0,0.0,0.0,0.0,1.0,0.01,0.01,20654.32,0.0,11715.4,0.0,2026-08-28T05:35:46.476799+00:00,76.00,76.0,2026-08-04T11:06:30.935311Z,0.0,0.0,1.0,2026-08-04T11:06:30.989717Z,2026-08-04T14:00:00Z,True
KXHIGHTSEA-26AUG03-B75.5,finalized,yes,0.0,1.0,0.0,0.0,0.0,1.0,0.99,0.99,26719.53,0.0,10802.6,0.0,2026-08-28T05:35:46.476799+00:00,76.00,76.0,2026-08-04T11:06:30.935311Z,1.0,0.0,1.0,2026-08-04T11:06:30.989717Z,2026-08-04T14:00:00Z,True
KXHIGHTSEA-26AUG02-T75,finalized,no,0.0,1.0,0.0,0.0,0.0,1.0,0.01,0.01,846.31,0.0,829.68,0.0,2026-08-28T05:35:46.476799+00:00,71.00,71.0,2026-08-03T11:06:30.947381Z,0.0,0.0,1.0,2026-08-03T11:06:30.992851Z,2026-08-03T14:00:00Z,True
KXHIGHTSEA-26AUG02-T68,finalized,no,0.0,1.0,0.0,0.0,0.0,1.0,0.01,0.01,4329.29,0.0,3498.78,0.0,2026-08-28T05:35:46.476799+00:00,71.00,71.0,2026-08-03T11:06:30.947381Z,0.0,0.0,1.0,2026-08-03T11:06:30.992851Z,2026-08-03T14:00:00Z,True
KXHIGHTSEA-26AUG02-B74.5,finalized,no,0.0,1.0,0.0,0.0,0.0,1.0,0.01,0.01,3314.43,0.0,2196.03,0.0,2026-08-28T05:35:46.476799+00:00,71.00,71.0,2026-08-03T11:06:30.947381Z,0.0,0.0,1.0,2026-08-03T11:06:30.992851Z,2026-08-03T14:00:00Z,True
KXHIGHTSEA-26AUG02-B72.5,finalized,no,0.0,1.0,0.0,0.0,0.0,1.0,0.01,0.01,25025.18,0.0,16872.91,0.0,2026-08-28T05:35:46.476799+00:00,71.00,71.0,2026-08-03T11:06:30.947381Z,0.0,0.0,1.0,2026-08-03T11:06:30.992851Z,2026-08-03T14:00:00Z,True
KXHIGHTSEA-26AUG02-B70.5,finalized,yes,0.0,1.0,0.0,0.0,0.0,1.0,0.99,0.99,22157.59,0.0,10853.09,0.0,2026-08-28T05:35:46.476799+00:00,71.00,71.0,2026-08-03T11:06:30.947381Z,1.0,0.0,1.0,2026-08-03T11:06:30.992851Z,2026-08-03T14:00:00Z,True
KXHIGHTSEA-26AUG02-B68.5,finalized,no,0.0,1.0,0.0,0.0,0.0,1.0,0.01,0.01,22526.39,0.0,13658.06,0.0,2026-08-28T05:35:46.476799+00:00,71.00,71.0,2026-08-03T11:06:30.947381Z,0.0,0.0,1.0,2026-08-03T11:06:30.992851Z,2026-08-03T14:00:00Z,True
KXHIGHTSEA-26AUG01-T75,finalized,no,0.0,1.0,0.0,0.0,0.0,1.0,0.01,0.01,4802.72,0.0,2883.4,0.0,2026-08-28T05:35:46.476799+00:00,72.00,72.0,2026-08-02T11:06:30.934536Z,0.0,0.0,1.0,2026-08-02T11:06:30.952751Z,2026-08-02T14:00:00Z,True
KXHIGHTSEA-26AUG01-T68,finalized,no,0.0,1.0,0.0,0.0,0.0,1.0,0.01,0.01,3652.46,0.0,2980.07,0.0,2026-08-28T05:35:46.476799+00:00,72.00,72.0,2026-08-02T11:06:30.934536Z,0.0,0.0,1.0,2026-08-02T11:06:30.952751Z,2026-08-02T14:00:00Z,True
KXHIGHTSEA-26AUG01-B74.5,finalized,no,0.0,1.0,0.0,0.0,0.0,1.0,0.01,0.01,12775.01,0.0,6421.19,0.0,2026-08-28T05:35:46.476799+00:00,72.00,72.0,2026-08-02T11:06:30.934536Z,0.0,0.0,1.0,2026-08-02T11:06:30.952751Z,2026-08-02T14:00:00Z,True
KXHIGHTSEA-26AUG01-B72.5,finalized,yes,0.0,1.0,0.0,0.0,0.0,1.0,0.99,0.99,16679.26,0.0,7780.12,0.0,2026-08-28T05:35:46.476799+00:00,72.00,72.0,2026-08-02T11:06:30.934536Z,1.0,0.0,1.0,2026-08-02T11:06:30.952751Z,2026-08-02T14:00:00Z,True
KXHIGHTSEA-26AUG01-B70.5,finalized,no,0.0,1.0,0.0,0.0,0.0,1.0,0.01,0.01,20640.22,0.0,9666.52,0.0,2026-08-28T05:35:46.476799+00:00,72.00,72.0,2026-08-02T11:06:30.934536Z,0.0,0.0,1.0,2026-08-02T11:06:30.952751Z,2026-08-02T14:00:00Z,True
KXHIGHTSEA-26AUG01-B68.5,finalized,no,0.0,1.0,0.0,0.0,0.0,1.0,0.01,0.01,5196.41,0.0,3679.74,0.0,2026-08-28T05:35:46.476799+00:00,72.00,72.0,2026-08-02T11:06:30.934536Z,0.0,0.0,1.0,2026-08-02T11:06:30.952751Z,2026-08-02T14:00:00Z,True
KXHIGHTSEA-26JUL31-T88,finalized,no,0.0,1.0,0.0,0.0,0.0,1.0,0.01,0.01,1774.37,0.0,1290.63,0.0,2026-08-28T05:35:46.476799+00:00,84.00,84.0,2026-08-01T11:06:20.942056Z,0.0,0.0,1.0,2026-08-01T11:06:20.97851Z,2026-08-01T14:00:00Z,True
KXHIGHTSEA-26JUL31-T81,finalized,no,0.0,1.0,0.0,0.0,0.0,1.0,0.01,0.01,11644.52,0.0,7152.3,0.0,2026-08-28T05:35:46.476799+00:00,84.00,84.0,2026-08-01T11:06:20.942056Z,0.0,0.0,1.0,2026-08-01T11:06:20.97851Z,2026-08-01T14:00:00Z,True
KXHIGHTSEA-26JUL31-B87.5,finalized,no,0.0,1.0,0.0,0.0,0.0,1.0,0.01,0.01,4609.06,0.0,3336.78,0.0,2026-08-28T05:35:46.476799+00:00,84.00,84.0,2026-08-01T11:06:20.942056Z,0.0,0.0,1.0,2026-08-01T11:06:20.97851Z,2026-08-01T14:00:00Z,True
KXHIGHTSEA-26JUL31-B85.5,finalized,no,0.0,1.0,0.0,0.0,0.0,1.0,0.01,0.01,25238.7,0.0,12518.73,0.0,2026-08-28T05:35:46.476799+00:00,84.00,84.0,2026-08-01T11:06:20.942056Z,0.0,0.0,1.0,2026-08-01T11:06:20.97851Z,2026-08-01T14:00:00Z,True
KXHIGHTSEA-26JUL31-B83.5,finalized,yes,0.0,1.0,0.0,0.0,0.0,1.0,0.99,0.99,25376.81,0.0,13084.94,0.0,2026-08-28T05:35:46.476799+00:00,84.00,84.0,2026-08-01T11:06:20.942056Z,1.0,0.0,1.0,2026-08-01T11:06:20.97851Z,2026-08-01T14:00:00Z,True
KXHIGHTSEA-26JUL31-B81.5,finalized,no,0.0,1.0,0.0,0.0,0.0,1.0,0.01,0.01,31772.54,0.0,17173.45,0.0,2026-08-28T05:35:46.476799+00:00,84.00,84.0,2026-08-01T11:06:20.942056Z,0.0,0.0,1.0,2026-08-01T11:06:20.97851Z,2026-08-01T14:00:00Z,True
KXHIGHTSEA-26JUL30-T82,finalized,no,0.0,1.0,0.0,0.0,0.0,1.0,0.01,0.01,1749.75,0.0,1630.13,0.0,2026-08-28T05:35:46.476799+00:00,79.00,79.0,2026-07-31T11:06:20.961995Z,0.0,0.0,1.0,2026-07-31T11:06:20.980043Z,2026-07-31T14:00:00Z,True
KXHIGHTSEA-26JUL30-T75,finalized,no,0.0,1.0,0.0,0.0,0.0,1.0,0.01,0.01,10079.47,0.0,7064.04,0.0,2026-08-28T05:35:46.476799+00:00,79.00,79.0,2026-07-31T11:06:20.961995Z,0.0,0.0,1.0,2026-07-31T11:06:20.980043Z,2026-07-31T14:00:00Z,True
KXHIGHTSEA-26JUL30-B81.5,finalized,no,0.0,1.0,0.0,0.0,0.0,1.0,0.01,0.01,7393.41,0.0,5101.89,0.0,2026-08-28T05:35:46.476799+00:00,79.00,79.0,2026-07-31T11:06:20.961995Z,0.0,0.0,1.0,2026-07-31T11:06:20.980043Z,2026-07-31T14:00:00Z,True
KXHIGHTSEA-26JUL30-B79.5,finalized,yes,0.0,1.0,0.0,0.0,0.0,1.0,0.99,0.99,33238.36,0.0,13200.85,0.0,2026-08-28T05:35:46.476799+00:00,79.00,79.0,2026-07-31T11:06:20.961995Z,1.0,0.0,1.0,2026-07-31T11:06:20.980043Z,2026-07-31T14:00:00Z,True
KXHIGHTSEA-26JUL30-B77.5,finalized,no,0.0,1.0,0.0,0.0,0.0,1.0,0.01,0.01,45675.98,0.0,23788.51,0.0,2026-08-28T05:35:46.476799+00:00,79.00,79.0,2026-07-31T11:06:20.961995Z,0.0,0.0,1.0,2026-07-31T11:06:20.980043Z,2026-07-31T14:00:00Z,True
KXHIGHTSEA-26JUL30-B75.5,finalized,no,0.0,1.0,0.0,0.0,0.0,1.0,0.01,0.01,46137.36,0.0,34065.84,0.0,2026-08-28T05:35:46.476799+00:00,79.00,79.0,2026-07-31T11:06:20.961995Z,0.0,0.0,1.0,2026-07-31T11:06:20.980043Z,2026-07-31T14:00:00Z,True
KXHIGHTSEA-26JUL29-T81,finalized,no,0.0,1.0,0.0,0.0,0.0,1.0,0.01,0.01,986.74,0.0,965.74,0.0,2026-08-28T05:35:46.476799+00:00,75.00,75.0,2026-07-30T11:14:31.233299Z,0.0,0.0,0.01,2026-07-30T11:14:31.670451Z,2026-07-30T14:00:00Z,True
KXHIGHTSEA-26JUL29-T74,finalized,no,0.0,1.0,0.0,0.0,0.0,1.0,0.01,0.01,23894.71,0.0,21423.59,0.0,2026-08-28T05:35:46.476799+00:00,75.00,75.0,2026-07-30T11:14:31.233299Z,0.0,0.0,0.01,2026-07-30T11:14:31.670451Z,2026-07-30T14:00:00Z,True
KXHIGHTSEA-26JUL29-B80.5,finalized,no,0.0,1.0,0.0,0.0,0.0,1.0,0.01,0.01,2813.65,0.0,2409.1,0.0,2026-08-28T05:35:46.476799+00:00,75.00,75.0,2026-07-30T11:14:31.233299Z,0.0,0.0,0.01,2026-07-30T11:14:31.670451Z,2026-07-30T14:00:00Z,True
KXHIGHTSEA-26JUL29-B78.5,finalized,no,0.0,1.0,0.0,0.0,0.0,1.0,0.01,0.01,11032.15,0.0,6326.37,0.0,2026-08-28T05:35:46.476799+00:00,75.00,75.0,2026-07-30T11:14:31.233299Z,0.0,0.0,0.01,2026-07-30T11:14:31.670451Z,2026-07-30T14:00:00Z,True
KXHIGHTSEA-26JUL29-B76.5,finalized,no,0.0,1.0,0.0,0.0,0.0,1.0,0.01,0.01,18598.08,0.0,7928.67,0.0,2026-08-28T05:35:46.476799+00:00,75.00,75.0,2026-07-30T11:14:31.233299Z,0.0,0.0,0.01,2026-07-30T11:14:31.670451Z,2026-07-30T14:00:00Z,True
KXHIGHTSEA-26JUL29-B74.5,finalized,yes,0.0,1.0,0.0,0.0,0.0,1.0,0.99,0.99,50070.93,0.0,15634.71,0.0,2026-08-28T05:35:46.476799+00:00,75.00,75.0,2026-07-30T11:14:31.233299Z,1.0,0.99,1.0,2026-07-30T11:14:31.670451Z,2026-07-30T14:00:00Z,True
KXHIGHTSEA-26JUL28-T79,finalized,no,0.0,1.0,0.0,0.0,0.0,1.0,0.01,0.01,5985.32,0.0,5892.32,0.0,2026-08-28T05:35:46.476799+00:00,73.00,73.0,2026-07-30T15:23:50.935226Z,0.0,0.0,1.0,2026-08-02T20:48:18.94684Z,2026-07-30T14:00:00Z,True
KXHIGHTSEA-26JUL28-T72,finalized,no,0.0,1.0,0.0,0.0,0.0,1.0,0.01,0.01,5118.77,0.0,3554.5,0.0,2026-08-28T05:35:46.476799+00:00,73.00,73.0,2026-07-30T15:23:50.935226Z,0.0,0.0,1.0,2026-08-02T20:48:18.463764Z,2026-07-30T14:00:00Z,True
KXHIGHTSEA-26JUL28-B78.5,finalized,no,0.0,1.0,0.0,0.0,0.0,1.0,0.01,0.01,5573.99,0.0,4517.82,0.0,2026-08-28T05:35:46.476799+00:00,73.00,73.0,2026-07-30T15:23:50.935226Z,0.0,0.0,1.0,2026-08-02T20:48:18.809863Z,2026-07-30T14:00:00Z,True
KXHIGHTSEA-26JUL28-B76.5,finalized,no,0.0,1.0,0.0,0.0,0.0,1.0,0.01,0.01,8112.29,0.0,5143.22,0.0,2026-08-28T05:35:46.476799+00:00,73.00,73.0,2026-07-30T15:23:50.935226Z,0.0,0.0,1.0,2026-08-02T20:48:18.724405Z,2026-07-30T14:00:00Z,True
KXHIGHTSEA-26JUL28-B74.5,finalized,no,0.0,1.0,0.0,0.0,0.0,1.0,0.01,0.01,20367.09,0.0,8890.23,0.0,2026-08-28T05:35:46.476799+00:00,73.00,73.0,2026-07-30T15:23:50.935226Z,0.0,0.0,1.0,2026-08-02T20:48:18.636999Z,2026-07-30T14:00:00Z,True
KXHIGHTSEA-26JUL28-B72.5,finalized,yes,0.0,1.0,0.0,0.0,0.0,1.0,0.99,0.99,40947.5,0.0,12884.98,0.0,2026-08-28T05:35:46.476799+00:00,73.00,73.0,2026-07-30T15:23:50.935226Z,1.0,0.0,1.0,2026-08-02T20:48:18.54977Z,2026-07-30T14:00:00Z,True
KXHIGHTSEA-26JUL27-T83,finalized,no,0.0,1.0,0.0,0.0,0.0,1.0,0.01,0.01,702.4,0.0,689.54,0.0,2026-08-28T05:35:46.476799+00:00,79.00,79.0,2026-07-28T11:06:16.020717Z,0.0,0.0,1.0,2026-07-28T11:06:16.072617Z,2026-07-28T14:00:00Z,True
KXHIGHTSEA-26JUL27-T76,finalized,no,0.0,1.0,0.0,0.0,0.0,1.0,0.01,0.01,8220.64,0.0,4395.59,0.0,2026-08-28T05:35:46.476799+00:00,79.00,79.0,2026-07-28T11:06:16.020717Z,0.0,0.0,1.0,2026-07-28T11:06:16.072617Z,2026-07-28T14:00:00Z,True
KXHIGHTSEA-26JUL27-B82.5,finalized,no,0.0,1.0,0.0,0.0,0.0,1.0,0.01,0.01,4020.06,0.0,3679.49,0.0,2026-08-28T05:35:46.476799+00:00,79.00,79.0,2026-07-28T11:06:16.020717Z,0.0,0.0,1.0,2026-07-28T11:06:16.072617Z,2026-07-28T14:00:00Z,True
KXHIGHTSEA-26JUL27-B80.5,finalized,no,0.0,1.0,0.0,0.0,0.0,1.0,0.01,0.01,12240.31,0.0,5855.02,0.0,2026-08-28T05:35:46.476799+00:00,79.00,79.0,2026-07-28T11:06:16.020717Z,0.0,0.0,1.0,2026-07-28T11:06:16.072617Z,2026-07-28T14:00:00Z,True
KXHIGHTSEA-26JUL27-B78.5,finalized,yes,0.0,1.0,0.0,0.0,0.0,1.0,0.99,0.99,17861.32,0.0,9804.85,0.0,2026-08-28T05:35:46.476799+00:00,79.00,79.0,2026-07-28T11:06:16.020717Z,1.0,0.0,1.0,2026-07-28T11:06:16.072617Z,2026-07-28T14:00:00Z,True
KXHIGHTSEA-26JUL27-B76.5,finalized,no,0.0,1.0,0.0,0.0,0.0,1.0,0.01,0.01,12470.02,0.0,7868.88,0.0,2026-08-28T05:35:46.476799+00:00,79.00,79.0,2026-07-28T11:06:16.020717Z,0.0,0.0,1.0,2026-07-28T11:06:16.072617Z,2026-07-28T14:00:00Z,True
KXHIGHTSEA-26JUL26-T77,finalized,no,0.0,1.0,0.0,0.0,0.0,1.0,0.01,0.01,4100.77,0.0,4080.74,0.0,2026-08-28T05:35:46.476799+00:00,74.00,74.0,2026-07-27T11:06:16.057155Z,0.0,0.0,1.0,2026-07-27T11:06:16.09044Z,2026-07-27T14:00:00Z,True
KXHIGHTSEA-26JUL26-T70,finalized,no,0.0,1.0,0.0,0.0,0.0,1.0,0.01,0.01,12884.77,0.0,7670.13,0.0,2026-08-28T05:35:46.476799+00:00,74.00,74.0,2026-07-27T11:06:16.057155Z,0.0,0.0,1.0,2026-07-27T11:06:16.09044Z,2026-07-27T14:00:00Z,True
KXHIGHTSEA-26JUL26-B76.5,finalized,no,0.0,1.0,0.0,0.0,0.0,1.0,0.01,0.01,8994.09,0.0,5329.97,0.0,2026-08-28T05:35:46.476799+00:00,74.00,74.0,2026-07-27T11:06:16.057155Z,0.0,0.0,1.0,2026-07-27T11:06:16.09044Z,2026-07-27T14:00:00Z,True
KXHIGHTSEA-26JUL26-B74.5,finalized,yes,0.0,1.0,0.0,0.0,0.0,1.0,0.99,0.99,22293.42,0.0,8379.55,0.0,2026-08-28T05:35:46.476799+00:00,74.00,74.0,2026-07-27T11:06:16.057155Z,1.0,0.0,1.0,2026-07-27T11:06:16.09044Z,2026-07-27T14:00:00Z,True
KXHIGHTSEA-26JUL26-B72.5,finalized,no,0.0,1.0,0.0,0.0,0.0,1.0,0.01,0.01,22694.96,0.0,10221.92,0.0,2026-08-28T05:35:46.476799+00:00,74.00,74.0,2026-07-27T11:06:16.057155Z,0.0,0.0,1.0,2026-07-27T11:06:16.09044Z,2026-07-27T14:00:00Z,True
KXHIGHTSEA-26JUL26-B70.5,finalized,no,0.0,1.0,0.0,0.0,0.0,1.0,0.01,0.01,17947.47,0.0,13323.23,0.0,2026-08-28T05:35:46.476799+00:00,74.00,74.0,2026-07-27T11:06:16.057155Z,0.0,0.0,1.0,2026-07-27T11:06:16.09044Z,2026-07-27T14:00:00Z,True
KXHIGHTSEA-26JUL25-T78,finalized,no,0.0,1.0,0.0,0.0,0.0,1.0,0.01,0.01,1734.48,0.0,1730.48,0.0,2026-08-28T05:35:46.476799+00:00,73.00,73.0,2026-07-26T11:06:16.032013Z,0.0,0.0,1.0,2026-07-26T11:06:16.076602Z,2026-07-26T14:00:00Z,True
KXHIGHTSEA-26JUL25-T71,finalized,no,0.0,1.0,0.0,0.0,0.0,1.0,0.01,0.01,12937.97,0.0,8191.35,0.0,2026-08-28T05:35:46.476799+00:00,73.00,73.0,2026-07-26T11:06:16.032013Z,0.0,0.0,1.0,2026-07-26T11:06:16.076602Z,2026-07-26T14:00:00Z,True
KXHIGHTSEA-26JUL25-B77.5,finalized,no,0.0,1.0,0.0,0.0,0.0,1.0,0.01,0.01,4052.78,0.0,3989.78,0.0,2026-08-28T05:35:46.476799+00:00,73.00,73.0,2026-07-26T11:06:16.032013Z,0.0,0.0,1.0,2026-07-26T11:06:16.076602Z,2026-07-26T14:00:00Z,True
KXHIGHTSEA-26JUL25-B75.5,finalized,no,0.0,1.0,0.0,0.0,0.0,1.0,0.01,0.01,9986.64,0.0,6463.67,0.0,2026-08-28T05:35:46.476799+00:00,73.00,73.0,2026-07-26T11:06:16.032013Z,0.0,0.0,1.0,2026-07-26T11:06:16.076602Z,2026-07-26T14:00:00Z,True
KXHIGHTSEA-26JUL25-B73.5,finalized,yes,0.0,1.0,0.0,0.0,0.0,1.0,0.99,0.99,19721.7,0.0,7100.71,0.0,2026-08-28T05:35:46.476799+00:00,73.00,73.0,2026-07-26T11:06:16.032013Z,1.0,0.0,1.0,2026-07-26T11:06:16.076602Z,2026-07-26T14:00:00Z,True
KXHIGHTSEA-26JUL25-B71.5,finalized,no,0.0,1.0,0.0,0.0,0.0,1.0,0.01,0.01,36497.28,0.0,22546.11,0.0,2026-08-28T05:35:46.476799+00:00,73.00,73.0,2026-07-26T11:06:16.032013Z,0.0,0.0,1.0,2026-07-26T11:06:16.076602Z,2026-07-26T14:00:00Z,True
KXHIGHTSEA-26JUL24-T89,finalized,no,0.0,1.0,0.0,0.0,0.0,1.0,0.01,0.01,696.94,0.0,696.94,0.0,2026-08-28T05:35:46.476799+00:00,82.00,82.0,2026-07-25T11:06:26.074199Z,0.0,0.0,1.0,2026-07-25T11:06:26.124743Z,2026-07-25T14:00:00Z,True
KXHIGHTSEA-26JUL24-T82,finalized,no,0.0,1.0,0.0,0.0,0.0,1.0,0.01,0.01,37618.73,0.0,18488.65,0.0,2026-08-28T05:35:46.476799+00:00,82.00,82.0,2026-07-25T11:06:26.074199Z,0.0,0.0,1.0,2026-07-25T11:06:26.124743Z,2026-07-25T14:00:00Z,True
KXHIGHTSEA-26JUL24-B88.5,finalized,no,0.0,1.0,0.0,0.0,0.0,1.0,0.01,0.01,718.56,0.0,701.56,0.0,2026-08-28T05:35:46.476799+00:00,82.00,82.0,2026-07-25T11:06:26.074199Z,0.0,0.0,1.0,2026-07-25T11:06:26.124743Z,2026-07-25T14:00:00Z,True
KXHIGHTSEA-26JUL24-B86.5,finalized,no,0.0,1.0,0.0,0.0,0.0,1.0,0.02,0.02,2117.51,0.0,1576.75,0.0,2026-08-28T05:35:46.476799+00:00,82.00,82.0,2026-07-25T11:06:26.074199Z,0.0,0.0,1.0,2026-07-25T11:06:26.124743Z,2026-07-25T14:00:00Z,True
KXHIGHTSEA-26JUL24-B84.5,finalized,no,0.0,1.0,0.0,0.0,0.0,1.0,0.01,0.01,8077.78,0.0,4211.49,0.0,2026-08-28T05:35:46.476799+00:00,82.00,82.0,2026-07-25T11:06:26.074199Z,0.0,0.0,1.0,2026-07-25T11:06:26.124743Z,2026-07-25T14:00:00Z,True
KXHIGHTSEA-26JUL24-B82.5,finalized,yes,0.0,1.0,0.0,0.0,0.0,1.0,0.99,0.99,16061.48,0.0,6541.7,0.0,2026-08-28T05:35:46.476799+00:00,82.00,82.0,2026-07-25T11:06:26.074199Z,1.0,0.0,1.0,2026-07-25T11:06:26.124743Z,2026-07-25T14:00:00Z,True
KXHIGHTSEA-26JUL23-T83,finalized,no,0.0,1.0,0.0,0.0,0.0,1.0,0.01,0.01,1827.13,0.0,1674.79,0.0,2026-08-28T05:35:46.476799+00:00,76.00,76.0,2026-07-24T11:06:16.08678Z,0.0,0.0,1.0,2026-07-24T11:06:16.25714Z,2026-07-24T14:00:00Z,True
KXHIGHTSEA-26JUL23-T76,finalized,no,0.0,1.0,0.0,0.0,0.0,1.0,0.01,0.01,24608.17,0.0,15232.12,0.0,2026-08-28T05:35:46.476799+00:00,76.00,76.0,2026-07-24T11:06:16.08678Z,0.0,0.0,1.0,2026-07-24T11:06:16.25714Z,2026-07-24T14:00:00Z,True
KXHIGHTSEA-26JUL23-B82.5,finalized,no,0.0,1.0,0.0,0.0,0.0,1.0,0.01,0.01,1121.38,0.0,783.75,0.0,2026-08-28T05:35:46.476799+00:00,76.00,76.0,2026-07-24T11:06:16.08678Z,0.0,0.0,1.0,2026-07-24T11:06:16.25714Z,2026-07-24T14:00:00Z,True
KXHIGHTSEA-26JUL23-B80.5,finalized,no,0.0,1.0,0.0,0.0,0.0,1.0,0.01,0.01,6681.69,0.0,4003.96,0.0,2026-08-28T05:35:46.476799+00:00,76.00,76.0,2026-07-24T11:06:16.08678Z,0.0,0.0,1.0,2026-07-24T11:06:16.25714Z,2026-07-24T14:00:00Z,True
KXHIGHTSEA-26JUL23-B78.5,finalized,no,0.0,1.0,0.0,0.0,0.0,1.0,0.01,0.01,19753.41,0.0,8075.09,0.0,2026-08-28T05:35:46.476799+00:00,76.00,76.0,2026-07-24T11:06:16.08678Z,0.0,0.0,1.0,2026-07-24T11:06:16.25714Z,2026-07-24T14:00:00Z,True
KXHIGHTSEA-26JUL23-B76.5,finalized,yes,0.0,1.0,0.0,0.0,0.0,1.0,0.99,0.99,23502.24,0.0,10784.89,0.0,2026-08-28T05:35:46.476799+00:00,76.00,76.0,2026-07-24T11:06:16.08678Z,1.0,0.0,1.0,2026-07-24T11:06:16.25714Z,2026-07-24T14:00:00Z,True
KXHIGHTSEA-26JUL22-T99,finalized,no,0.0,1.0,0.0,0.0,0.0,1.0,0.01,0.01,968.57,0.0,956.07,0.0,2026-08-28T05:35:46.476799+00:00,95.00,95.0,2026-07-23T11:06:16.009903Z,0.0,0.0,0.01,2026-07-23T11:06:16.045816Z,2026-07-23T14:00:00Z,True
KXHIGHTSEA-26JUL22-T92,finalized,no,0.0,1.0,0.0,0.0,0.0,1.0,0.01,0.01,35687.21,0.0,28105.8,0.0,2026-08-28T05:35:46.476799+00:00,95.00,95.0,2026-07-23T11:06:16.009903Z,0.0,0.0,0.01,2026-07-23T11:06:16.045816Z,2026-07-23T14:00:00Z,True
KXHIGHTSEA-26JUL22-B98.5,finalized,no,0.0,1.0,0.0,0.0,0.0,1.0,0.01,0.01,4683.81,0.0,3394.41,0.0,2026-08-28T05:35:46.476799+00:00,95.00,95.0,2026-07-23T11:06:16.009903Z,0.0,0.0,0.01,2026-07-23T11:06:16.045816Z,2026-07-23T14:00:00Z,True
KXHIGHTSEA-26JUL22-B96.5,finalized,no,0.0,1.0,0.0,0.0,0.0,1.0,0.01,0.01,11945.09,0.0,5711.87,0.0,2026-08-28T05:35:46.476799+00:00,95.00,95.0,2026-07-23T11:06:16.009903Z,0.0,0.0,0.01,2026-07-23T11:06:16.045816Z,2026-07-23T14:00:00Z,True
KXHIGHTSEA-26JUL22-B94.5,finalized,yes,0.0,1.0,0.0,0.0,0.0,1.0,0.99,0.99,21117.84,0.0,11265.99,0.0,2026-08-28T05:35:46.476799+00:00,95.00,95.0,2026-07-23T11:06:16.009903Z,1.0,0.99,1.0,2026-07-23T11:06:16.045816Z,2026-07-23T14:00:00Z,True
KXHIGHTSEA-26JUL22-B92.5,finalized,no,0.0,1.0,0.0,0.0,0.0,1.0,0.01,0.01,32335.79,0.0,21527.11,0.0,2026-08-28T05:35:46.476799+00:00,95.00,95.0,2026-07-23T11:06:16.009903Z,0.0,0.0,0.01,2026-07-23T11:06:16.045816Z,2026-07-23T14:00:00Z,True
KXHIGHTSEA-26JUL21-T95,finalized,no,0.0,1.0,0.0,0.0,0.0,1.0,0.01,0.01,5003.23,0.0,4296.09,0.0,2026-08-28T05:35:46.476799+00:00,93.00,93.0,2026-07-22T11:06:14.017287Z,0.0,0.0,1.0,2026-07-22T11:06:14.044346Z,2026-07-22T14:00:00Z,True
KXHIGHTSEA-26JUL21-T88,finalized,no,0.0,1.0,0.0,0.0,0.0,1.0,0.01,0.01,29378.11,0.0,24527.45,0.0,2026-08-28T05:35:46.476799+00:00,93.00,93.0,2026-07-22T11:06:14.017287Z,0.0,0.0,1.0,2026-07-22T11:06:14.044346Z,2026-07-22T14:00:00Z,True
KXHIGHTSEA-26JUL21-B94.5,finalized,no,0.0,1.0,0.0,0.0,0.0,1.0,0.01,0.01,13832.27,0.0,7371.06,0.0,2026-08-28T05:35:46.476799+00:00,93.00,93.0,2026-07-22T11:06:14.017287Z,0.0,0.0,1.0,2026-07-22T11:06:14.044346Z,2026-07-22T14:00:00Z,True
KXHIGHTSEA-26JUL21-B92.5,finalized,yes,0.0,1.0,0.0,0.0,0.0,1.0,0.99,0.99,23327.17,0.0,8088.78,0.0,2026-08-28T05:35:46.476799+00:00,93.00,93.0,2026-07-22T11:06:14.017287Z,1.0,0.0,1.0,2026-07-22T11:06:14.044346Z,2026-07-22T14:00:00Z,True
KXHIGHTSEA-26JUL21-B90.5,finalized,no,0.0,1.0,0.0,0.0,0.0,1.0,0.01,0.01,34132.0,0.0,19712.51,0.0,2026-08-28T05:35:46.476799+00:00,93.00,93.0,2026-07-22T11:06:14.017287Z,0.0,0.0,1.0,2026-07-22T11:06:14.044346Z,2026-07-22T14:00:00Z,True
KXHIGHTSEA-26JUL21-B88.5,finalized,no,0.0,1.0,0.0,0.0,0.0,1.0,0.01,0.01,41450.91,0.0,31443.0,0.0,2026-08-28T05:35:46.476799+00:00,93.00,93.0,2026-07-22T11:06:14.017287Z,0.0,0.0,1.0,2026-07-22T11:06:14.044346Z,2026-07-22T14:00:00Z,True
KXHIGHTSEA-26JUL20-T88,finalized,no,0.0,1.0,0.0,0.0,0.0,1.0,0.01,0.01,2245.64,0.0,1919.66,0.0,2026-08-28T05:35:46.476799+00:00,82.00,82.0,2026-07-21T11:06:19.811161Z,0.0,0.0,1.0,2026-07-21T11:06:19.843651Z,2026-07-21T14:00:00Z,True
KXHIGHTSEA-26JUL20-T81,finalized,no,0.0,1.0,0.0,0.0,0.0,1.0,0.01,0.01,33647.18,0.0,22661.21,0.0,2026-08-28T05:35:46.476799+00:00,82.00,82.0,2026-07-21T11:06:19.811161Z,0.0,0.0,1.0,2026-07-21T11:06:19.843651Z,2026-07-21T14:00:00Z,True
KXHIGHTSEA-26JUL20-B87.5,finalized,no,0.0,1.0,0.0,0.0,0.0,1.0,0.01,0.01,5959.9,0.0,5155.52,0.0,2026-08-28T05:35:46.476799+00:00,82.00,82.0,2026-07-21T11:06:19.811161Z,0.0,0.0,1.0,2026-07-21T11:06:19.843651Z,2026-07-21T14:00:00Z,True
KXHIGHTSEA-26JUL20-B85.5,finalized,no,0.0,1.0,0.0,0.0,0.0,1.0,0.02,0.02,16273.03,0.0,12210.58,0.0,2026-08-28T05:35:46.476799+00:00,82.00,82.0,2026-07-21T11:06:19.811161Z,0.0,0.0,1.0,2026-07-21T11:06:19.843651Z,2026-07-21T14:00:00Z,True
KXHIGHTSEA-26JUL20-B83.5,finalized,no,0.0,1.0,0.0,0.0,0.0,1.0,0.01,0.01,32008.0,0.0,15956.14,0.0,2026-08-28T05:35:46.476799+00:00,82.00,82.0,2026-07-21T11:06:19.811161Z,0.0,0.0,1.0,2026-07-21T11:06:19.843651Z,2026-07-21T14:00:00Z,True
KXHIGHTSEA-26JUL20-B81.5,finalized,yes,0.0,1.0,0.0,0.0,0.0,1.0,0.99,0.99,42100.55,0.0,17574.37,0.0,2026-08-28T05:35:46.476799+00:00,82.00,82.0,2026-07-21T11:06:19.811161Z,1.0,0.0,1.0,2026-07-21T11:06:19.843651Z,2026-07-21T14:00:00Z,True
KXHIGHTSEA-26JUL19-T84,finalized,no,0.0,1.0,0.0,0.0,0.0,1.0,0.01,0.01,1069.03,0.0,1059.02,0.0,2026-08-28T05:35:46.476799+00:00,78.00,78.0,2026-07-20T11:06:19.867557Z,0.0,0.0,1.0,2026-07-20T11:06:19.886576Z,2026-07-20T14:00:00Z,True
KXHIGHTSEA-26JUL19-T77,finalized,no,0.0,1.0,0.0,0.0,0.0,1.0,0.01,0.01,23450.75,0.0,19094.79,0.0,2026-08-28T05:35:46.476799+00:00,78.00,78.0,2026-07-20T11:06:19.867557Z,0.0,0.0,1.0,2026-07-20T11:06:19.886576Z,2026-07-20T14:00:00Z,True
KXHIGHTSEA-26JUL19-B83.5,finalized,no,0.0,1.0,0.0,0.0,0.0,1.0,0.01,0.01,1390.71,0.0,1280.71,0.0,2026-08-28T05:35:46.476799+00:00,78.00,78.0,2026-07-20T11:06:19.867557Z,0.0,0.0,1.0,2026-07-20T11:06:19.886576Z,2026-07-20T14:00:00Z,True
KXHIGHTSEA-26JUL19-B81.5,finalized,no,0.0,1.0,0.0,0.0,0.0,1.0,0.01,0.01,9196.64,0.0,7011.45,0.0,2026-08-28T05:35:46.476799+00:00,78.00,78.0,2026-07-20T11:06:19.867557Z,0.0,0.0,1.0,2026-07-20T11:06:19.886576Z,2026-07-20T14:00:00Z,True
KXHIGHTSEA-26JUL19-B79.5,finalized,no,0.0,1.0,0.0,0.0,0.0,1.0,0.01,0.01,29514.87,0.0,18010.18,0.0,2026-08-28T05:35:46.476799+00:00,78.00,78.0,2026-07-20T11:06:19.867557Z,0.0,0.0,1.0,2026-07-20T11:06:19.886576Z,2026-07-20T14:00:00Z,True
KXHIGHTSEA-26JUL19-B77.5,finalized,yes,0.0,1.0,0.0,0.0,0.0,1.0,0.99,0.99,21627.8,0.0,10092.12,0.0,2026-08-28T05:35:46.476799+00:00,78.00,78.0,2026-07-20T11:06:19.867557Z,1.0,0.0,1.0,2026-07-20T11:06:19.886576Z,2026-07-20T14:00:00Z,True
KXHIGHTSEA-26JUL18-T81,finalized,no,0.0,1.0,0.0,0.0,0.0,1.0,0.01,0.01,1402.02,0.0,1198.02,0.0,2026-08-28T05:35:46.476799+00:00,75.00,75.0,2026-07-19T11:06:22.690459Z,0.0,0.0,1.0,2026-07-19T11:06:22.72962Z,2026-07-19T14:00:00Z,True
KXHIGHTSEA-26JUL18-T74,finalized,no,0.0,1.0,0.0,0.0,0.0,1.0,0.01,0.01,9026.29,0.0,4648.35,0.0,2026-08-28T05:35:46.476799+00:00,75.00,75.0,2026-07-19T11:06:22.690459Z,0.0,0.0,1.0,2026-07-19T11:06:22.72962Z,2026-07-19T14:00:00Z,True
KXHIGHTSEA-26JUL18-B80.5,finalized,no,0.0,1.0,0.0,0.0,0.0,1.0,0.01,0.01,1665.71,0.0,1371.71,0.0,2026-08-28T05:35:46.476799+00:00,75.00,75.0,2026-07-19T11:06:22.690459Z,0.0,0.0,1.0,2026-07-19T11:06:22.72962Z,2026-07-19T14:00:00Z,True
KXHIGHTSEA-26JUL18-B78.5,finalized,no,0.0,1.0,0.0,0.0,0.0,1.0,0.01,0.01,2613.48,0.0,1441.67,0.0,2026-08-28T05:35:46.476799+00:00,75.00,75.0,2026-07-19T11:06:22.690459Z,0.0,0.0,1.0,2026-07-19T11:06:22.72962Z,2026-07-19T14:00:00Z,True
KXHIGHTSEA-26JUL18-B76.5,finalized,no,0.0,1.0,0.0,0.0,0.0,1.0,0.01,0.01,8101.95,0.0,4536.74,0.0,2026-08-28T05:35:46.476799+00:00,75.00,75.0,2026-07-19T11:06:22.690459Z,0.0,0.0,1.0,2026-07-19T11:06:22.72962Z,2026-07-19T14:00:00Z,True
KXHIGHTSEA-26JUL18-B74.5,finalized,yes,0.0,1.0,0.0,0.0,0.0,1.0,0.99,0.99,10214.01,0.0,4438.89,0.0,2026-08-28T05:35:46.476799+00:00,75.00,75.0,2026-07-19T11:06:22.690459Z,1.0,0.0,1.0,2026-07-19T11:06:22.72962Z,2026-07-19T14:00:00Z,True
KXHIGHTSEA-26JUL17-T81,finalized,no,0.0,1.0,0.0,0.0,0.0,1.0,0.01,0.01,1375.03,0.0,1089.03,0.0,2026-08-28T05:35:46.476799+00:00,72.00,72.0,2026-07-18T11:06:12.612175Z,0.0,0.0,1.0,2026-07-18T11:06:12.623989Z,2026-07-18T14:00:00Z,True
KXHIGHTSEA-26JUL17-T74,finalized,yes,0.0,1.0,0.0,0.0,0.0,1.0,0.99,0.99,19997.07,0.0,9709.35,0.0,2026-08-28T05:35:46.476799+00:00,72.00,72.0,2026-07-18T11:06:12.612175Z,1.0,0.0,1.0,2026-07-18T11:06:12.623989Z,2026-07-18T14:00:00Z,True
KXHIGHTSEA-26JUL17-B80.5,finalized,no,0.0,1.0,0.0,0.0,0.0,1.0,0.01,0.01,1543.41,0.0,1041.77,0.0,2026-08-28T05:35:46.476799+00:00,72.00,72.0,2026-07-18T11:06:12.612175Z,0.0,0.0,1.0,2026-07-18T11:06:12.623989Z,2026-07-18T14:00:00Z,True
KXHIGHTSEA-26JUL17-B78.5,finalized,no,0.0,1.0,0.0,0.0,0.0,1.0,0.01,0.01,1142.86,0.0,1040.31,0.0,2026-08-28T05:35:46.476799+00:00,72.00,72.0,2026-07-18T11:06:12.612175Z,0.0,0.0,1.0,2026-07-18T11:06:12.623989Z,2026-07-18T14:00:00Z,True
KXHIGHTSEA-26JUL17-B76.5,finalized,no,0.0,1.0,0.0,0.0,0.0,1.0,0.01,0.01,4570.22,0.0,2801.34,0.0,2026-08-28T05:35:46.476799+00:00,72.00,72.0,2026-07-18T11:06:12.612175Z,0.0,0.0,1.0,2026-07-18T11:06:12.623989Z,2026-07-18T14:00:00Z,True
KXHIGHTSEA-26JUL17-B74.5,finalized,no,0.0,1.0,0.0,0.0,0.0,1.0,0.01,0.01,9484.47,0.0,5423.95,0.0,2026-08-28T05:35:46.476799+00:00,72.00,72.0,2026-07-18T11:06:12.612175Z,0.0,0.0,1.0,2026-07-18T11:06:12.623989Z,2026-07-18T14:00:00Z,True
KXHIGHTSEA-26JUL16-T76,finalized,no,0.0,1.0,0.0,0.0,0.0,1.0,0.01,0.01,2149.22,0.0,1541.76,0.0,2026-08-28T05:35:46.476799+00:00,65.00,65.0,2026-07-17T11:06:22.658501Z,0.0,0.0,1.0,2026-07-17T11:06:22.712227Z,2026-07-17T14:00:00Z,True
KXHIGHTSEA-26JUL16-T69,finalized,yes,0.0,1.0,0.0,0.0,0.0,1.0,0.99,0.99,22129.02,0.0,8433.94,0.0,2026-08-28T05:35:46.476799+00:00,65.00,65.0,2026-07-17T11:06:22.658501Z,1.0,0.0,1.0,2026-07-17T11:06:22.712227Z,2026-07-17T14:00:00Z,True
KXHIGHTSEA-26JUL16-B75.5,finalized,no,0.0,1.0,0.0,0.0,0.0,1.0,0.01,0.01,1209.16,0.0,940.83,0.0,2026-08-28T05:35:46.476799+00:00,65.00,65.0,2026-07-17T11:06:22.658501Z,0.0,0.0,1.0,2026-07-17T11:06:22.712227Z,2026-07-17T14:00:00Z,True
KXHIGHTSEA-26JUL16-B73.5,finalized,no,0.0,1.0,0.0,0.0,0.0,1.0,0.01,0.01,3577.11,0.0,2110.35,0.0,2026-08-28T05:35:46.476799+00:00,65.00,65.0,2026-07-17T11:06:22.658501Z,0.0,0.0,1.0,2026-07-17T11:06:22.712227Z,2026-07-17T14:00:00Z,True
KXHIGHTSEA-26JUL16-B71.5,finalized,no,0.0,1.0,0.0,0.0,0.0,1.0,0.01,0.01,14221.14,0.0,9036.92,0.0,2026-08-28T05:35:46.476799+00:00,65.00,65.0,2026-07-17T11:06:22.658501Z,0.0,0.0,1.0,2026-07-17T11:06:22.712227Z,2026-07-17T14:00:00Z,True
KXHIGHTSEA-26JUL16-B69.5,finalized,no,0.0,1.0,0.0,0.0,0.0,1.0,0.01,0.01,9715.77,0.0,4755.46,0.0,2026-08-28T05:35:46.476799+00:00,65.00,65.0,2026-07-17T11:06:22.658501Z,0.0,0.0,1.0,2026-07-17T11:06:22.712227Z,2026-07-17T14:00:00Z,True
KXHIGHTSEA-26JUL15-T90,finalized,no,0.0,1.0,0.0,0.0,0.0,1.0,0.01,0.01,1345.01,59.0,1277.01,0.0,2026-08-28T05:35:46.476799+00:00,83.00,83.0,2026-07-16T11:06:12.608995Z,0.0,0.01,0.02,2026-07-16T11:06:12.634713Z,2026-07-16T14:00:00Z,True
KXHIGHTSEA-26JUL15-T83,finalized,no,0.0,1.0,0.0,0.0,0.0,1.0,0.01,0.23,18241.42,15125.5,12553.67,0.0,2026-08-28T05:35:46.476799+00:00,83.00,83.0,2026-07-16T11:06:12.608995Z,0.0,0.17,0.24,2026-07-16T11:06:12.634713Z,2026-07-16T14:00:00Z,True
KXHIGHTSEA-26JUL15-B89.5,finalized,no,0.0,1.0,0.0,0.0,0.0,1.0,0.01,0.03,1514.11,1076.15,1496.11,0.0,2026-08-28T05:35:46.476799+00:00,83.00,83.0,2026-07-16T11:06:12.608995Z,0.0,0.03,0.04,2026-07-16T11:06:12.634713Z,2026-07-16T14:00:00Z,True
KXHIGHTSEA-26JUL15-B87.5,finalized,no,0.0,1.0,0.0,0.0,0.0,1.0,0.01,0.14,3794.27,3233.15,2830.65,0.0,2026-08-28T05:35:46.476799+00:00,83.00,83.0,2026-07-16T11:06:12.608995Z,0.0,0.14,0.15,2026-07-16T11:06:12.634713Z,2026-07-16T14:00:00Z,True
KXHIGHTSEA-26JUL15-B85.5,finalized,no,0.0,1.0,0.0,0.0,0.0,1.0,0.01,0.29,9919.41,9032.54,5714.64,0.0,2026-08-28T05:35:46.476799+00:00,83.00,83.0,2026-07-16T11:06:12.608995Z,0.0,0.29,0.3,2026-07-16T11:06:12.634713Z,2026-07-16T14:00:00Z,True
KXHIGHTSEA-26JUL15-B83.5,finalized,yes,0.0,1.0,0.0,0.0,0.0,1.0,0.99,0.34,9123.49,7874.27,4147.2,0.0,2026-08-28T05:35:46.476799+00:00,83.00,83.0,2026-07-16T11:06:12.608995Z,1.0,0.34,0.36,2026-07-16T11:06:12.634713Z,2026-07-16T14:00:00Z,True
KXHIGHTSEA-26JUL14-T87,finalized,no,0.0,1.0,0.0,0.0,0.0,1.0,0.01,0.01,5612.72,0.0,4214.33,0.0,2026-08-28T05:35:46.476799+00:00,85.00,85.0,2026-07-15T11:06:15.790568Z,0.0,0.0,0.01,2026-07-15T11:06:15.803581Z,2026-07-15T14:00:00Z,True
KXHIGHTSEA-26JUL14-T80,finalized,no,0.0,1.0,0.0,0.0,0.0,1.0,0.01,0.01,7983.24,0.0,6271.94,0.0,2026-08-28T05:35:46.476799+00:00,85.00,85.0,2026-07-15T11:06:15.790568Z,0.0,0.0,0.01,2026-07-15T11:06:15.803581Z,2026-07-15T14:00:00Z,True
KXHIGHTSEA-26JUL14-B86.5,finalized,no,0.0,1.0,0.0,0.0,0.0,1.0,0.01,0.01,10434.6,0.0,5804.18,0.0,2026-08-28T05:35:46.476799+00:00,85.00,85.0,2026-07-15T11:06:15.790568Z,0.0,0.0,0.01,2026-07-15T11:06:15.803581Z,2026-07-15T14:00:00Z,True
KXHIGHTSEA-26JUL14-B84.5,finalized,yes,0.0,1.0,0.0,0.0,0.0,1.0,0.99,0.99,15415.4,29.0,7942.79,0.0,2026-08-28T05:35:46.476799+00:00,85.00,85.0,2026-07-15T11:06:15.790568Z,1.0,0.98,0.99,2026-07-15T11:06:15.803581Z,2026-07-15T14:00:00Z,True
KXHIGHTSEA-26JUL14-B82.5,finalized,no,0.0,1.0,0.0,0.0,0.0,1.0,0.01,0.01,11719.01,0.0,9215.33,0.0,2026-08-28T05:35:46.476799+00:00,85.00,85.0,2026-07-15T11:06:15.790568Z,0.0,0.0,0.01,2026-07-15T11:06:15.803581Z,2026-07-15T14:00:00Z,True
KXHIGHTSEA-26JUL14-B80.5,finalized,no,0.0,1.0,0.0,0.0,0.0,1.0,0.01,0.01,8807.95,0.0,7433.99,0.0,2026-08-28T05:35:46.476799+00:00,85.00,85.0,2026-07-15T11:06:15.790568Z,0.0,0.0,0.01,2026-07-15T11:06:15.803581Z,2026-07-15T14:00:00Z,True
KXHIGHTSEA-26JUL13-T83,finalized,no,0.0,1.0,0.0,0.0,0.0,1.0,0.01,0.01,4345.29,0.0,3530.19,0.0,2026-08-28T05:35:46.476799+00:00,80.00,80.0,2026-07-14T11:06:19.539786Z,0.0,0.0,1.0,2026-07-14T11:06:19.584183Z,2026-07-14T14:00:00Z,True
KXHIGHTSEA-26JUL13-T76,finalized,no,0.0,1.0,0.0,0.0,0.0,1.0,0.01,0.01,3844.2,0.0,2671.59,0.0,2026-08-28T05:35:46.476799+00:00,80.00,80.0,2026-07-14T11:06:19.539786Z,0.0,0.0,1.0,2026-07-14T11:06:19.584183Z,2026-07-14T14:00:00Z,True
KXHIGHTSEA-26JUL13-B82.5,finalized,no,0.0,1.0,0.0,0.0,0.0,1.0,0.01,0.01,13546.92,0.0,7714.76,0.0,2026-08-28T05:35:46.476799+00:00,80.00,80.0,2026-07-14T11:06:19.539786Z,0.0,0.0,1.0,2026-07-14T11:06:19.584183Z,2026-07-14T14:00:00Z,True
KXHIGHTSEA-26JUL13-B80.5,finalized,yes,0.0,1.0,0.0,0.0,0.0,1.0,0.99,0.99,21903.77,0.0,8628.9,0.0,2026-08-28T05:35:46.476799+00:00,80.00,80.0,2026-07-14T11:06:19.539786Z,1.0,0.0,1.0,2026-07-14T11:06:19.584183Z,2026-07-14T14:00:00Z,True
KXHIGHTSEA-26JUL13-B78.5,finalized,no,0.0,1.0,0.0,0.0,0.0,1.0,0.01,0.01,15071.74,0.0,9814.08,0.0,2026-08-28T05:35:46.476799+00:00,80.00,80.0,2026-07-14T11:06:19.539786Z,0.0,0.0,1.0,2026-07-14T11:06:19.584183Z,2026-07-14T14:00:00Z,True
KXHIGHTSEA-26JUL13-B76.5,finalized,no,0.0,1.0,0.0,0.0,0.0,1.0,0.01,0.01,24611.59,0.0,20491.97,0.0,2026-08-28T05:35:46.476799+00:00,80.00,80.0,2026-07-14T11:06:19.539786Z,0.0,0.0,1.0,2026-07-14T11:06:19.584183Z,2026-07-14T14:00:00Z,True
KXHIGHTSEA-26JUL12-T77,finalized,no,0.0,1.0,0.0,0.0,0.0,1.0,0.01,0.01,3178.49,0.0,2934.08,0.0,2026-08-28T05:35:46.476799+00:00,72.00,72.0,2026-07-13T11:06:19.541458Z,0.0,0.0,1.0,2026-07-13T11:06:19.548348Z,2026-07-13T14:00:00Z,True
KXHIGHTSEA-26JUL12-T70,finalized,no,0.0,1.0,0.0,0.0,0.0,1.0,0.01,0.01,6010.72,0.0,4126.48,0.0,2026-08-28T05:35:46.476799+00:00,72.00,72.0,2026-07-13T11:06:19.541458Z,0.0,0.0,1.0,2026-07-13T11:06:19.548348Z,2026-07-13T14:00:00Z,True
KXHIGHTSEA-26JUL12-B76.5,finalized,no,0.0,1.0,0.0,0.0,0.0,1.0,0.01,0.01,9811.36,0.0,6099.38,0.0,2026-08-28T05:35:46.476799+00:00,72.00,72.0,2026-07-13T11:06:19.541458Z,0.0,0.0,1.0,2026-07-13T11:06:19.548348Z,2026-07-13T14:00:00Z,True
KXHIGHTSEA-26JUL12-B74.5,finalized,no,0.0,1.0,0.0,0.0,0.0,1.0,0.01,0.01,15687.02,0.0,8719.84,0.0,2026-08-28T05:35:46.476799+00:00,72.00,72.0,2026-07-13T11:06:19.541458Z,0.0,0.0,1.0,2026-07-13T11:06:19.548348Z,2026-07-13T14:00:00Z,True
KXHIGHTSEA-26JUL12-B72.5,finalized,yes,0.0,1.0,0.0,0.0,0.0,1.0,0.99,0.99,12280.59,0.0,5684.05,0.0,2026-08-28T05:35:46.476799+00:00,72.00,72.0,2026-07-13T11:06:19.541458Z,1.0,0.0,1.0,2026-07-13T11:06:19.548348Z,2026-07-13T14:00:00Z,True
KXHIGHTSEA-26JUL12-B70.5,finalized,no,0.0,1.0,0.0,0.0,0.0,1.0,0.01,0.01,14794.18,0.0,8267.74,0.0,2026-08-28T05:35:46.476799+00:00,72.00,72.0,2026-07-13T11:06:19.541458Z,0.0,0.0,1.0,2026-07-13T11:06:19.548348Z,2026-07-13T14:00:00Z,True
KXHIGHTSEA-26JUL11-T77,finalized,no,0.0,1.0,0.0,0.0,0.0,1.0,0.01,0.01,10440.76,0.0,7177.06,0.0,2026-08-28T05:35:46.476799+00:00,76.00,76.0,2026-07-12T11:06:29.549284Z,0.0,0.0,1.0,2026-07-12T11:06:29.559399Z,2026-07-12T14:00:00Z,True
KXHIGHTSEA-26JUL11-T70,finalized,no,0.0,1.0,0.0,0.0,0.0,1.0,0.01,0.01,3293.47,0.0,1888.6,0.0,2026-08-28T05:35:46.476799+00:00,76.00,76.0,2026-07-12T11:06:29.549284Z,0.0,0.0,1.0,2026-07-12T11:06:29.559399Z,2026-07-12T14:00:00Z,True
KXHIGHTSEA-26JUL11-B76.5,finalized,yes,0.0,1.0,0.0,0.0,0.0,1.0,0.99,0.99,23447.73,0.0,11499.22,0.0,2026-08-28T05:35:46.476799+00:00,76.00,76.0,2026-07-12T11:06:29.549284Z,1.0,0.0,1.0,2026-07-12T11:06:29.559399Z,2026-07-12T14:00:00Z,True
KXHIGHTSEA-26JUL11-B74.5,finalized,no,0.0,1.0,0.0,0.0,0.0,1.0,0.01,0.01,22352.89,0.0,12000.6,0.0,2026-08-28T05:35:46.476799+00:00,76.00,76.0,2026-07-12T11:06:29.549284Z,0.0,0.0,1.0,2026-07-12T11:06:29.559399Z,2026-07-12T14:00:00Z,True
KXHIGHTSEA-26JUL11-B72.5,finalized,no,0.0,1.0,0.0,0.0,0.0,1.0,0.01,0.01,16961.76,0.0,13329.63,0.0,2026-08-28T05:35:46.476799+00:00,76.00,76.0,2026-07-12T11:06:29.549284Z,0.0,0.0,1.0,2026-07-12T11:06:29.559399Z,2026-07-12T14:00:00Z,True
KXHIGHTSEA-26JUL11-B70.5,finalized,no,0.0,1.0,0.0,0.0,0.0,1.0,0.01,0.01,11671.37,0.0,8890.89,0.0,2026-08-28T05:35:46.476799+00:00,76.00,76.0,2026-07-12T11:06:29.549284Z,0.0,0.0,1.0,2026-07-12T11:06:29.559399Z,2026-07-12T14:00:00Z,True
KXHIGHTSEA-26JUL10-T78,finalized,no,0.0,1.0,0.0,0.0,0.0,1.0,0.01,0.01,72955.64,0.0,35359.05,0.0,2026-08-28T05:35:46.476799+00:00,78.00,78.0,2026-07-11T11:06:19.539187Z,0.0,0.0,1.0,2026-07-11T11:06:19.583405Z,2026-07-11T14:00:00Z,True
KXHIGHTSEA-26JUL10-T71,finalized,no,0.0,1.0,0.0,0.0,0.0,1.0,0.01,0.01,5572.94,0.0,3167.77,0.0,2026-08-28T05:35:46.476799+00:00,78.00,78.0,2026-07-11T11:06:19.539187Z,0.0,0.0,1.0,2026-07-11T11:06:19.583405Z,2026-07-11T14:00:00Z,True
KXHIGHTSEA-26JUL10-B77.5,finalized,yes,0.0,1.0,0.0,0.0,0.0,1.0,0.99,0.99,36177.81,0.0,13583.08,0.0,2026-08-28T05:35:46.476799+00:00,78.00,78.0,2026-07-11T11:06:19.539187Z,1.0,0.0,1.0,2026-07-11T11:06:19.583405Z,2026-07-11T14:00:00Z,True
KXHIGHTSEA-26JUL10-B75.5,finalized,no,0.0,1.0,0.0,0.0,0.0,1.0,0.01,0.01,23500.06,0.0,16545.99,0.0,2026-08-28T05:35:46.476799+00:00,78.00,78.0,2026-07-11T11:06:19.539187Z,0.0,0.0,1.0,2026-07-11T11:06:19.583405Z,2026-07-11T14:00:00Z,True
KXHIGHTSEA-26JUL10-B73.5,finalized,no,0.0,1.0,0.0,0.0,0.0,1.0,0.01,0.01,9053.21,0.0,6655.68,0.0,2026-08-28T05:35:46.476799+00:00,78.00,78.0,2026-07-11T11:06:19.539187Z,0.0,0.0,1.0,2026-07-11T11:06:19.583405Z,2026-07-11T14:00:00Z,True
KXHIGHTSEA-26JUL10-B71.5,finalized,no,0.0,1.0,0.0,0.0,0.0,1.0,0.01,0.01,6560.48,0.0,4382.33,0.0,2026-08-28T05:35:46.476799+00:00,78.00,78.0,2026-07-11T11:06:19.539187Z,0.0,0.0,1.0,2026-07-11T11:06:19.583405Z,2026-07-11T14:00:00Z,True
KXHIGHTSEA-26JUL09-T80,finalized,no,0.0,1.0,0.0,0.0,0.0,1.0,0.01,0.01,11791.66,0.0,10112.94,0.0,2026-08-28T05:35:46.476799+00:00,79.00,79.0,2026-07-10T11:06:21.001312Z,0.0,0.0,1.0,2026-07-10T11:06:21.007693Z,2026-07-10T14:00:00Z,True
KXHIGHTSEA-26JUL09-T73,finalized,no,0.0,1.0,0.0,0.0,0.0,1.0,0.01,0.01,7394.29,0.0,5951.7,0.0,2026-08-28T05:35:46.476799+00:00,79.00,79.0,2026-07-10T11:06:21.001312Z,0.0,0.0,1.0,2026-07-10T11:06:21.007693Z,2026-07-10T14:00:00Z,True
KXHIGHTSEA-26JUL09-B79.5,finalized,yes,0.0,1.0,0.0,0.0,0.0,1.0,0.99,0.99,46548.84,0.0,21019.64,0.0,2026-08-28T05:35:46.476799+00:00,79.00,79.0,2026-07-10T11:06:21.001312Z,1.0,0.0,1.0,2026-07-10T11:06:21.007693Z,2026-07-10T14:00:00Z,True
KXHIGHTSEA-26JUL09-B77.5,finalized,no,0.0,1.0,0.0,0.0,0.0,1.0,0.01,0.01,28443.2,0.0,11069.95,0.0,2026-08-28T05:35:46.476799+00:00,79.00,79.0,2026-07-10T11:06:21.001312Z,0.0,0.0,1.0,2026-07-10T11:06:21.007693Z,2026-07-10T14:00:00Z,True
KXHIGHTSEA-26JUL09-B75.5,finalized,no,0.0,1.0,0.0,0.0,0.0,1.0,0.01,0.01,36980.19,0.0,31973.8,0.0,2026-08-28T05:35:46.476799+00:00,79.00,79.0,2026-07-10T11:06:21.001312Z,0.0,0.0,1.0,2026-07-10T11:06:21.007693Z,2026-07-10T14:00:00Z,True
KXHIGHTSEA-26JUL09-B73.5,finalized,no,0.0,1.0,0.0,0.0,0.0,1.0,0.01,0.01,15538.47,0.0,8962.05,0.0,2026-08-28T05:35:46.476799+00:00,79.00,79.0,2026-07-10T11:06:21.001312Z,0.0,0.0,1.0,2026-07-10T11:06:21.007693Z,2026-07-10T14:00:00Z,True
KXHIGHTSEA-26JUL08-T77,finalized,no,0.0,1.0,0.0,0.0,0.0,1.0,0.01,0.01,8322.59,0.0,8268.59,0.0,2026-08-28T05:35:46.476799+00:00,71.00,71.0,2026-07-09T11:06:30.990805Z,0.0,0.0,0.01,2026-07-09T11:06:31.01543Z,2026-07-09T14:00:00Z,True
KXHIGHTSEA-26JUL08-T70,finalized,no,0.0,1.0,0.0,0.0,0.0,1.0,0.01,0.01,20531.31,0.0,10652.93,0.0,2026-08-28T05:35:46.476799+00:00,71.00,71.0,2026-07-09T11:06:30.990805Z,0.0,0.0,0.01,2026-07-09T11:06:31.01543Z,2026-07-09T14:00:00Z,True
KXHIGHTSEA-26JUL08-B76.5,finalized,no,0.0,1.0,0.0,0.0,0.0,1.0,0.01,0.01,6003.53,0.0,4005.92,0.0,2026-08-28T05:35:46.476799+00:00,71.00,71.0,2026-07-09T11:06:30.990805Z,0.0,0.0,0.01,2026-07-09T11:06:31.01543Z,2026-07-09T14:00:00Z,True
KXHIGHTSEA-26JUL08-B74.5,finalized,no,0.0,1.0,0.0,0.0,0.0,1.0,0.01,0.01,16520.54,0.0,8223.49,0.0,2026-08-28T05:35:46.476799+00:00,71.00,71.0,2026-07-09T11:06:30.990805Z,0.0,0.0,0.01,2026-07-09T11:06:31.01543Z,2026-07-09T14:00:00Z,True
KXHIGHTSEA-26JUL08-B72.5,finalized,no,0.0,1.0,0.0,0.0,0.0,1.0,0.01,0.01,33805.32,0.0,13918.9,0.0,2026-08-28T05:35:46.476799+00:00,71.00,71.0,2026-07-09T11:06:30.990805Z,0.0,0.0,0.01,2026-07-09T11:06:31.01543Z,2026-07-09T14:00:00Z,True
KXHIGHTSEA-26JUL08-B70.5,finalized,yes,0.0,1.0,0.0,0.0,0.0,1.0,0.99,0.99,37454.58,0.0,15575.84,0.0,2026-08-28T05:35:46.476799+00:00,71.00,71.0,2026-07-09T11:06:30.990805Z,1.0,0.99,1.0,2026-07-09T11:06:31.01543Z,2026-07-09T14:00:00Z,True
KXHIGHTSEA-26JUL07-T82,finalized,no,0.0,1.0,0.0,0.0,0.0,1.0,0.01,0.01,5238.51,0.0,4535.68,0.0,2026-08-28T05:35:46.476799+00:00,75.00,75.0,2026-07-08T11:31:24.560244Z,0.0,0.0,1.0,2026-07-08T11:31:24.575301Z,2026-07-08T14:00:00Z,True
KXHIGHTSEA-26JUL07-T75,finalized,no,0.0,1.0,0.0,0.0,0.0,1.0,0.01,0.01,34866.53,0.0,15649.21,0.0,2026-08-28T05:35:46.476799+00:00,75.00,75.0,2026-07-08T11:31:24.560244Z,0.0,0.0,1.0,2026-07-08T11:31:24.575301Z,2026-07-08T14:00:00Z,True
KXHIGHTSEA-26JUL07-B81.5,finalized,no,0.0,1.0,0.0,0.0,0.0,1.0,0.01,0.01,5700.05,0.0,4751.68,0.0,2026-08-28T05:35:46.476799+00:00,75.00,75.0,2026-07-08T11:31:24.560244Z,0.0,0.0,1.0,2026-07-08T11:31:24.575301Z,2026-07-08T14:00:00Z,True
KXHIGHTSEA-26JUL07-B79.5,finalized,no,0.0,1.0,0.0,0.0,0.0,1.0,0.01,0.01,10325.64,0.0,8095.74,0.0,2026-08-28T05:35:46.476799+00:00,75.00,75.0,2026-07-08T11:31:24.560244Z,0.0,0.0,1.0,2026-07-08T11:31:24.575301Z,2026-07-08T14:00:00Z,True
KXHIGHTSEA-26JUL07-B77.5,finalized,no,0.0,1.0,0.0,0.0,0.0,1.0,0.01,0.01,24629.12,0.0,11921.58,0.0,2026-08-28T05:35:46.476799+00:00,75.00,75.0,2026-07-08T11:31:24.560244Z,0.0,0.0,1.0,2026-07-08T11:31:24.575301Z,2026-07-08T14:00:00Z,True
KXHIGHTSEA-26JUL07-B75.5,finalized,yes,0.0,1.0,0.0,0.0,0.0,1.0,0.99,0.99,28371.0,0.0,11782.27,0.0,2026-08-28T05:35:46.476799+00:00,75.00,75.0,2026-07-08T11:31:24.560244Z,1.0,0.0,1.0,2026-07-08T11:31:24.575301Z,2026-07-08T14:00:00Z,True
KXHIGHTSEA-26JUL06-T86,finalized,no,0.0,1.0,0.0,0.0,0.0,1.0,0.01,0.01,6838.97,0.0,5606.75,0.0,2026-08-28T05:35:46.476799+00:00,85.00,85.0,2026-07-07T11:31:14.516014Z,0.0,0.0,1.0,2026-07-07T11:31:14.588916Z,2026-07-07T14:00:00Z,True
KXHIGHTSEA-26JUL06-T79,finalized,no,0.0,1.0,0.0,0.0,0.0,1.0,0.01,0.01,2200.45,0.0,1760.14,0.0,2026-08-28T05:35:46.476799+00:00,85.00,85.0,2026-07-07T11:31:14.516014Z,0.0,0.0,1.0,2026-07-07T11:31:14.588916Z,2026-07-07T14:00:00Z,True
KXHIGHTSEA-26JUL06-B85.5,finalized,yes,0.0,1.0,0.0,0.0,0.0,1.0,0.99,0.99,14272.66,0.0,6105.69,0.0,2026-08-28T05:35:46.476799+00:00,85.00,85.0,2026-07-07T11:31:14.516014Z,1.0,0.0,1.0,2026-07-07T11:31:14.588916Z,2026-07-07T14:00:00Z,True
KXHIGHTSEA-26JUL06-B83.5,finalized,no,0.0,1.0,0.0,0.0,0.0,1.0,0.01,0.01,14902.67,0.0,9019.41,0.0,2026-08-28T05:35:46.476799+00:00,85.00,85.0,2026-07-07T11:31:14.516014Z,0.0,0.0,1.0,2026-07-07T11:31:14.588916Z,2026-07-07T14:00:00Z,True
KXHIGHTSEA-26JUL06-B81.5,finalized,no,0.0,1.0,0.0,0.0,0.0,1.0,0.01,0.01,22879.21,0.0,13750.38,0.0,2026-08-28T05:35:46.476799+00:00,85.00,85.0,2026-07-07T11:31:14.516014Z,0.0,0.0,1.0,2026-07-07T11:31:14.588916Z,2026-07-07T14:00:00Z,True
KXHIGHTSEA-26JUL06-B79.5,finalized,no,0.0,1.0,0.0,0.0,0.0,1.0,0.01,0.01,18447.66,0.0,15380.86,0.0,2026-08-28T05:35:46.476799+00:00,85.00,85.0,2026-07-07T11:31:14.516014Z,0.0,0.0,1.0,2026-07-07T11:31:14.588916Z,2026-07-07T14:00:00Z,True
KXHIGHTSEA-26JUL05-T79,finalized,no,0.0,1.0,0.0,0.0,0.0,1.0,0.01,0.01,1710.05,0.0,1441.05,0.0,2026-08-28T05:35:46.476799+00:00,77.00,77.0,2026-07-06T11:31:24.509652Z,0.0,0.0,1.0,2026-07-06T11:31:24.521761Z,2026-07-06T14:00:00Z,True
KXHIGHTSEA-26JUL05-T72,finalized,no,0.0,1.0,0.0,0.0,0.0,1.0,0.01,0.01,4284.87,0.0,2974.96,0.0,2026-08-28T05:35:46.476799+00:00,77.00,77.0,2026-07-06T11:31:24.509652Z,0.0,0.0,1.0,2026-07-06T11:31:24.521761Z,2026-07-06T14:00:00Z,True
KXHIGHTSEA-26JUL05-B78.5,finalized,no,0.0,1.0,0.0,0.0,0.0,1.0,0.01,0.01,8000.17,0.0,5951.89,0.0,2026-08-28T05:35:46.476799+00:00,77.00,77.0,2026-07-06T11:31:24.509652Z,0.0,0.0,1.0,2026-07-06T11:31:24.521761Z,2026-07-06T14:00:00Z,True
KXHIGHTSEA-26JUL05-B76.5,finalized,yes,0.0,1.0,0.0,0.0,0.0,1.0,0.99,0.99,22743.04,0.0,7755.04,0.0,2026-08-28T05:35:46.476799+00:00,77.00,77.0,2026-07-06T11:31:24.509652Z,1.0,0.0,1.0,2026-07-06T11:31:24.521761Z,2026-07-06T14:00:00Z,True
KXHIGHTSEA-26JUL05-B74.5,finalized,no,0.0,1.0,0.0,0.0,0.0,1.0,0.01,0.01,34001.56,0.0,23851.64,0.0,2026-08-28T05:35:46.476799+00:00,77.00,77.0,2026-07-06T11:31:24.509652Z,0.0,0.0,1.0,2026-07-06T11:31:24.521761Z,2026-07-06T14:00:00Z,True
KXHIGHTSEA-26JUL05-B72.5,finalized,no,0.0,1.0,0.0,0.0,0.0,1.0,0.01,0.01,23445.18,0.0,17694.03,0.0,2026-08-28T05:35:46.476799+00:00,77.00,77.0,2026-07-06T11:31:24.509652Z,0.0,0.0,1.0,2026-07-06T11:31:24.521761Z,2026-07-06T14:00:00Z,True
KXHIGHTSEA-26JUL04-T79,finalized,no,0.0,1.0,0.0,0.0,0.0,1.0,0.01,0.01,2351.0,0.0,2302.54,0.0,2026-08-28T05:35:46.476799+00:00,72.00,72.0,2026-07-05T11:31:24.559856Z,0.0,0.0,1.0,2026-07-05T11:31:24.587795Z,2026-07-05T14:00:00Z,True
KXHIGHTSEA-26JUL04-T72,finalized,no,0.0,1.0,0.0,0.0,0.0,1.0,0.01,0.01,32605.1,0.0,15768.23,0.0,2026-08-28T05:35:46.476799+00:00,72.00,72.0,2026-07-05T11:31:24.559856Z,0.0,0.0,1.0,2026-07-05T11:31:24.587795Z,2026-07-05T14:00:00Z,True
KXHIGHTSEA-26JUL04-B78.5,finalized,no,0.0,1.0,0.0,0.0,0.0,1.0,0.01,0.01,1816.18,0.0,1473.74,0.0,2026-08-28T05:35:46.476799+00:00,72.00,72.0,2026-07-05T11:31:24.559856Z,0.0,0.0,1.0,2026-07-05T11:31:24.587795Z,2026-07-05T14:00:00Z,True
KXHIGHTSEA-26JUL04-B76.5,finalized,no,0.0,1.0,0.0,0.0,0.0,1.0,0.01,0.01,4426.26,0.0,2441.31,0.0,2026-08-28T05:35:46.476799+00:00,72.00,72.0,2026-07-05T11:31:24.559856Z,0.0,0.0,1.0,2026-07-05T11:31:24.587795Z,2026-07-05T14:00:00Z,True
KXHIGHTSEA-26JUL04-B74.5,finalized,no,0.0,1.0,0.0,0.0,0.0,1.0,0.01,0.01,9166.17,0.0,5006.5,0.0,2026-08-28T05:35:46.476799+00:00,72.00,72.0,2026-07-05T11:31:24.559856Z,0.0,0.0,1.0,2026-07-05T11:31:24.587795Z,2026-07-05T14:00:00Z,True
KXHIGHTSEA-26JUL04-B72.5,finalized,yes,0.0,1.0,0.0,0.0,0.0,1.0,0.99,0.99,24941.27,0.0,10436.06,0.0,2026-08-28T05:35:46.476799+00:00,72.00,72.0,2026-07-05T11:31:24.559856Z,1.0,0.0,1.0,2026-07-05T11:31:24.587795Z,2026-07-05T14:00:00Z,True
KXHIGHTSEA-26JUL03-T78,finalized,no,0.0,1.0,0.0,0.0,0.0,1.0,0.01,0.01,1205.01,0.0,1184.01,0.0,2026-08-28T05:35:46.476799+00:00,73.00,73.0,2026-07-04T11:31:44.512358Z,0.0,0.0,1.0,2026-07-04T11:31:44.531263Z,2026-07-04T14:00:00Z,True
KXHIGHTSEA-26JUL03-T71,finalized,no,0.0,1.0,0.0,0.0,0.0,1.0,0.01,0.01,6461.66,0.0,4640.36,0.0,2026-08-28T05:35:46.476799+00:00,73.00,73.0,2026-07-04T11:31:44.512358Z,0.0,0.0,1.0,2026-07-04T11:31:44.531263Z,2026-07-04T14:00:00Z,True
KXHIGHTSEA-26JUL03-B77.5,finalized,no,0.0,1.0,0.0,0.0,0.0,1.0,0.01,0.01,3254.34,0.0,2068.24,0.0,2026-08-28T05:35:46.476799+00:00,73.00,73.0,2026-07-04T11:31:44.512358Z,0.0,0.0,1.0,2026-07-04T11:31:44.531263Z,2026-07-04T14:00:00Z,True
KXHIGHTSEA-26JUL03-B75.5,finalized,no,0.0,1.0,0.0,0.0,0.0,1.0,0.01,0.01,13822.96,0.0,3492.37,0.0,2026-08-28T05:35:46.476799+00:00,73.00,73.0,2026-07-04T11:31:44.512358Z,0.0,0.0,1.0,2026-07-04T11:31:44.531263Z,2026-07-04T14:00:00Z,True
KXHIGHTSEA-26JUL03-B73.5,finalized,yes,0.0,1.0,0.0,0.0,0.0,1.0,0.99,0.99,15685.03,0.0,5791.32,0.0,2026-08-28T05:35:46.476799+00:00,73.00,73.0,2026-07-04T11:31:44.512358Z,1.0,0.0,1.0,2026-07-04T11:31:44.531263Z,2026-07-04T14:00:00Z,True
KXHIGHTSEA-26JUL03-B71.5,finalized,no,0.0,1.0,0.0,0.0,0.0,1.0,0.01,0.01,16626.29,0.0,13501.1,0.0,2026-08-28T05:35:46.476799+00:00,73.00,73.0,2026-07-04T11:31:44.512358Z,0.0,0.0,1.0,2026-07-04T11:31:44.531263Z,2026-07-04T14:00:00Z,True
KXHIGHTSEA-26JUL02-T73,finalized,no,0.0,1.0,0.0,0.0,0.0,1.0,0.01,0.01,2344.73,0.0,2155.88,0.0,2026-08-28T05:35:46.476799+00:00,68.00,68.0,2026-07-03T11:31:24.50329Z,0.0,0.0,1.0,2026-07-03T11:31:24.519392Z,2026-07-03T14:00:00Z,True
KXHIGHTSEA-26JUL02-T66,finalized,no,0.0,1.0,0.0,0.0,0.0,1.0,0.01,0.01,21009.99,0.0,13300.98,0.0,2026-08-28T05:35:46.476799+00:00,68.00,68.0,2026-07-03T11:31:24.50329Z,0.0,0.0,1.0,2026-07-03T11:31:24.519392Z,2026-07-03T14:00:00Z,True
KXHIGHTSEA-26JUL02-B72.5,finalized,no,0.0,1.0,0.0,0.0,0.0,1.0,0.01,0.01,3204.63,0.0,2505.82,0.0,2026-08-28T05:35:46.476799+00:00,68.00,68.0,2026-07-03T11:31:24.50329Z,0.0,0.0,1.0,2026-07-03T11:31:24.519392Z,2026-07-03T14:00:00Z,True
KXHIGHTSEA-26JUL02-B70.5,finalized,no,0.0,1.0,0.0,0.0,0.0,1.0,0.01,0.01,14239.16,0.0,8607.69,0.0,2026-08-28T05:35:46.476799+00:00,68.00,68.0,2026-07-03T11:31:24.50329Z,0.0,0.0,1.0,2026-07-03T11:31:24.519392Z,2026-07-03T14:00:00Z,True
KXHIGHTSEA-26JUL02-B68.5,finalized,yes,0.0,1.0,0.0,0.0,0.0,1.0,0.99,0.99,21976.99,0.0,12192.39,0.0,2026-08-28T05:35:46.476799+00:00,68.00,68.0,2026-07-03T11:31:24.50329Z,1.0,0.0,1.0,2026-07-03T11:31:24.519392Z,2026-07-03T14:00:00Z,True
KXHIGHTSEA-26JUL02-B66.5,finalized,no,0.0,1.0,0.0,0.0,0.0,1.0,0.01,0.01,47226.75,0.0,37299.13,0.0,2026-08-28T05:35:46.476799+00:00,68.00,68.0,2026-07-03T11:31:24.50329Z,0.0,0.0,1.0,2026-07-03T11:31:24.519392Z,2026-07-03T14:00:00Z,True
KXHIGHTSEA-26JUL01-T71,finalized,no,0.0,1.0,0.0,0.0,0.0,1.0,0.01,0.01,1534.56,0.0,1445.56,0.0,2026-08-28T05:35:46.476799+00:00,64.00,64.0,2026-07-02T11:31:24.454142Z,0.0,0.0,0.01,2026-07-02T11:31:24.471639Z,2026-07-02T14:00:00Z,True
KXHIGHTSEA-26JUL01-T64,finalized,no,0.0,1.0,0.0,0.0,0.0,1.0,0.01,0.01,17938.55,0.0,11061.7,0.0,2026-08-28T05:35:46.476799+00:00,64.00,64.0,2026-07-02T11:31:24.454142Z,0.0,0.0,0.01,2026-07-02T11:31:24.471639Z,2026-07-02T14:00:00Z,True
KXHIGHTSEA-26JUL01-B70.5,finalized,no,0.0,1.0,0.0,0.0,0.0,1.0,0.01,0.01,4241.93,0.0,2282.93,0.0,2026-08-28T05:35:46.476799+00:00,64.00,64.0,2026-07-02T11:31:24.454142Z,0.0,0.0,0.01,2026-07-02T11:31:24.471639Z,2026-07-02T14:00:00Z,True
KXHIGHTSEA-26JUL01-B68.5,finalized,no,0.0,1.0,0.0,0.0,0.0,1.0,0.01,0.01,16573.39,0.0,12538.2,0.0,2026-08-28T05:35:46.476799+00:00,64.00,64.0,2026-07-02T11:31:24.454142Z,0.0,0.0,0.01,2026-07-02T11:31:24.471639Z,2026-07-02T14:00:00Z,True
KXHIGHTSEA-26JUL01-B66.5,finalized,no,0.0,1.0,0.0,0.0,0.0,1.0,0.01,0.01,24715.21,0.0,14387.07,0.0,2026-08-28T05:35:46.476799+00:00,64.00,64.0,2026-07-02T11:31:24.454142Z,0.0,0.0,0.01,2026-07-02T11:31:24.471639Z,2026-07-02T14:00:00Z,True
KXHIGHTSEA-26JUL01-B64.5,finalized,yes,0.0,1.0,0.0,0.0,0.0,1.0,0.99,0.99,21931.93,0.0,11054.94,0.0,2026-08-28T05:35:46.476799+00:00,64.00,64.0,2026-07-02T11:31:24.454142Z,1.0,0.99,1.0,2026-07-02T11:31:24.471639Z,2026-07-02T14:00:00Z,True
KXHIGHTSEA-26JUN30-T71,finalized,no,0.0,1.0,0.0,0.0,0.0,1.0,0.01,0.01,1933.18,0.0,1675.14,0.0,2026-08-28T05:35:46.476799+00:00,64.00,64.0,2026-07-01T11:31:23.392547Z,0.0,0.0,1.0,2026-07-01T11:31:23.4943Z,2026-07-01T14:00:00Z,True
KXHIGHTSEA-26JUN30-T64,finalized,no,0.0,1.0,0.0,0.0,0.0,1.0,0.01,0.01,29066.31,0.0,16425.06,0.0,2026-08-28T05:35:46.476799+00:00,64.00,64.0,2026-07-01T11:31:23.392547Z,0.0,0.0,1.0,2026-07-01T11:31:23.4943Z,2026-07-01T14:00:00Z,True
KXHIGHTSEA-26JUN30-B70.5,finalized,no,0.0,1.0,0.0,0.0,0.0,1.0,0.01,0.01,2328.28,0.0,2037.35,0.0,2026-08-28T05:35:46.476799+00:00,64.00,64.0,2026-07-01T11:31:23.392547Z,0.0,0.0,1.0,2026-07-01T11:31:23.4943Z,2026-07-01T14:00:00Z,True
KXHIGHTSEA-26JUN30-B68.5,finalized,no,0.0,1.0,0.0,0.0,0.0,1.0,0.01,0.01,10941.97,0.0,5249.15,0.0,2026-08-28T05:35:46.476799+00:00,64.00,64.0,2026-07-01T11:31:23.392547Z,0.0,0.0,1.0,2026-07-01T11:31:23.4943Z,2026-07-01T14:00:00Z,True
KXHIGHTSEA-26JUN30-B66.5,finalized,no,0.0,1.0,0.0,0.0,0.0,1.0,0.01,0.01,30791.44,0.0,22250.28,0.0,2026-08-28T05:35:46.476799+00:00,64.00,64.0,2026-07-01T11:31:23.392547Z,0.0,0.0,1.0,2026-07-01T11:31:23.4943Z,2026-07-01T14:00:00Z,True
KXHIGHTSEA-26JUN30-B64.5,finalized,yes,0.0,1.0,0.0,0.0,0.0,1.0,0.99,0.99,22280.48,0.0,7953.58,0.0,2026-08-28T05:35:46.476799+00:00,64.00,64.0,2026-07-01T11:31:23.392547Z,1.0,0.0,1.0,2026-07-01T11:31:23.4943Z,2026-07-01T14:00:00Z,True
KXHIGHTSEA-26JUN29-T72,finalized,no,0.0,1.0,0.0,0.0,0.0,1.0,0.01,0.01,1099.82,0.0,1030.88,0.0,2026-08-28T05:35:46.476799+00:00,64.00,64.0,2026-06-30T11:33:22.149012Z,0.0,0.0,1.0,2026-06-30T11:33:22.274924Z,2026-06-30T14:00:00Z,True
KXHIGHTSEA-26JUN29-T65,finalized,yes,0.0,1.0,0.0,0.0,0.0,1.0,0.99,0.99,13382.01,0.0,5499.15,0.0,2026-08-28T05:35:46.476799+00:00,64.00,64.0,2026-06-30T11:33:22.149012Z,1.0,0.0,1.0,2026-06-30T11:33:22.274924Z,2026-06-30T14:00:00Z,True
KXHIGHTSEA-26JUN29-B71.5,finalized,no,0.0,1.0,0.0,0.0,0.0,1.0,0.01,0.01,10159.92,0.0,3951.53,0.0,2026-08-28T05:35:46.476799+00:00,64.00,64.0,2026-06-30T11:33:22.149012Z,0.0,0.0,1.0,2026-06-30T11:33:22.274924Z,2026-06-30T14:00:00Z,True
KXHIGHTSEA-26JUN29-B69.5,finalized,no,0.0,1.0,0.0,0.0,0.0,1.0,0.01,0.01,5897.04,0.0,3086.49,0.0,2026-08-28T05:35:46.476799+00:00,64.00,64.0,2026-06-30T11:33:22.149012Z,0.0,0.0,1.0,2026-06-30T11:33:22.274924Z,2026-06-30T14:00:00Z,True
KXHIGHTSEA-26JUN29-B67.5,finalized,no,0.0,1.0,0.0,0.0,0.0,1.0,0.01,0.01,11179.31,0.0,6606.93,0.0,2026-08-28T05:35:46.476799+00:00,64.00,64.0,2026-06-30T11:33:22.149012Z,0.0,0.0,1.0,2026-06-30T11:33:22.274924Z,2026-06-30T14:00:00Z,True
KXHIGHTSEA-26JUN29-B65.5,finalized,no,0.0,1.0,0.0,0.0,0.0,1.0,0.04,0.04,15021.5,0.0,9841.78,0.0,2026-08-28T05:35:46.476799+00:00,64.00,64.0,2026-06-30T11:33:22.149012Z,0.0,0.0,1.0,2026-06-30T11:33:22.274924Z,2026-06-30T14:00:00Z,True
KXHIGHTSEA-26JUN28-T71,finalized,no,0.0,1.0,0.0,0.0,0.0,1.0,0.01,0.01,5942.83,0.0,4431.01,0.0,2026-08-28T05:35:46.476799+00:00,68.00,68.0,2026-06-29T11:31:32.805427Z,0.0,0.0,1.0,2026-06-29T11:31:32.817296Z,2026-06-29T14:00:00Z,True
KXHIGHTSEA-26JUN28-T64,finalized,no,0.0,1.0,0.0,0.0,0.0,1.0,0.01,0.01,3285.22,0.0,2909.22,0.0,2026-08-28T05:35:46.476799+00:00,68.00,68.0,2026-06-29T11:31:32.805427Z,0.0,0.0,1.0,2026-06-29T11:31:32.817296Z,2026-06-29T14:00:00Z,True
KXHIGHTSEA-26JUN28-B70.5,finalized,no,0.0,1.0,0.0,0.0,0.0,1.0,0.01,0.01,15244.25,0.0,4998.42,0.0,2026-08-28T05:35:46.476799+00:00,68.00,68.0,2026-06-29T11:31:32.805427Z,0.0,0.0,1.0,2026-06-29T11:31:32.817296Z,2026-06-29T14:00:00Z,True
KXHIGHTSEA-26JUN28-B68.5,finalized,yes,0.0,1.0,0.0,0.0,0.0,1.0,0.99,0.99,9483.78,0.0,4824.24,0.0,2026-08-28T05:35:46.476799+00:00,68.00,68.0,2026-06-29T11:31:32.805427Z,1.0,0.0,1.0,2026-06-29T11:31:32.817296Z,2026-06-29T14:00:00Z,True
KXHIGHTSEA-26JUN28-B66.5,finalized,no,0.0,1.0,0.0,0.0,0.0,1.0,0.01,0.01,13374.85,0.0,9198.96,0.0,2026-08-28T05:35:46.476799+00:00,68.00,68.0,2026-06-29T11:31:32.805427Z,0.0,0.0,1.0,2026-06-29T11:31:32.817296Z,2026-06-29T14:00:00Z,True
KXHIGHTSEA-26JUN28-B64.5,finalized,no,0.0,1.0,0.0,0.0,0.0,1.0,0.01,0.01,3165.8,0.0,2647.5,0.0,2026-08-28T05:35:46.476799+00:00,68.00,68.0,2026-06-29T11:31:32.805427Z,0.0,0.0,1.0,2026-06-29T11:31:32.817296Z,2026-06-29T14:00:00Z,True
KXHIGHTSEA-26JUN27-T70,finalized,no,0.0,1.0,0.0,0.0,0.0,1.0,0.01,0.01,6430.19,0.0,3517.12,0.0,2026-08-28T05:35:46.476799+00:00,70.00,70.0,2026-06-28T11:31:34.349024Z,0.0,0.0,1.0,2026-06-28T11:31:34.385227Z,2026-06-28T14:00:00Z,True
KXHIGHTSEA-26JUN27-T63,finalized,no,0.0,1.0,0.0,0.0,0.0,1.0,0.01,0.01,1516.17,0.0,1381.17,0.0,2026-08-28T05:35:46.476799+00:00,70.00,70.0,2026-06-28T11:31:34.349024Z,0.0,0.0,1.0,2026-06-28T11:31:34.385227Z,2026-06-28T14:00:00Z,True
KXHIGHTSEA-26JUN27-B69.5,finalized,yes,0.0,1.0,0.0,0.0,0.0,1.0,0.99,0.99,9558.57,0.0,5307.37,0.0,2026-08-28T05:35:46.476799+00:00,70.00,70.0,2026-06-28T11:31:34.349024Z,1.0,0.0,1.0,2026-06-28T11:31:34.385227Z,2026-06-28T14:00:00Z,True
KXHIGHTSEA-26JUN27-B67.5,finalized,no,0.0,1.0,0.0,0.0,0.0,1.0,0.01,0.01,20923.68,0.0,13915.42,0.0,2026-08-28T05:35:46.476799+00:00,70.00,70.0,2026-06-28T11:31:34.349024Z,0.0,0.0,1.0,2026-06-28T11:31:34.385227Z,2026-06-28T14:00:00Z,True
KXHIGHTSEA-26JUN27-B65.5,finalized,no,0.0,1.0,0.0,0.0,0.0,1.0,0.01,0.01,9000.09,0.0,6464.75,0.0,2026-08-28T05:35:46.476799+00:00,70.00,70.0,2026-06-28T11:31:34.349024Z,0.0,0.0,1.0,2026-06-28T11:31:34.385227Z,2026-06-28T14:00:00Z,True
KXHIGHTSEA-26JUN27-B63.5,finalized,no,0.0,1.0,0.0,0.0,0.0,1.0,0.01,0.01,8952.98,0.0,4493.5,0.0,2026-08-28T05:35:46.476799+00:00,70.00,70.0,2026-06-28T11:31:34.349024Z,0.0,0.0,1.0,2026-06-28T11:31:34.385227Z,2026-06-28T14:00:00Z,True
KXHIGHTSEA-26JUN26-T68,finalized,no,0.0,1.0,0.0,0.0,0.0,1.0,0.01,0.01,4816.55,0.0,2263.06,0.0,2026-08-28T05:35:46.476799+00:00,65.00,65.0,2026-06-27T11:31:23.836955Z,0.0,0.0,1.0,2026-06-27T11:31:23.886313Z,2026-06-27T14:00:00Z,True
KXHIGHTSEA-26JUN26-T61,finalized,no,0.0,1.0,0.0,0.0,0.0,1.0,0.01,0.01,3435.99,0.0,3197.99,0.0,2026-08-28T05:35:46.476799+00:00,65.00,65.0,2026-06-27T11:31:23.836955Z,0.0,0.0,1.0,2026-06-27T11:31:23.886313Z,2026-06-27T14:00:00Z,True
KXHIGHTSEA-26JUN26-B67.5,finalized,no,0.0,1.0,0.0,0.0,0.0,1.0,0.01,0.01,8067.99,0.0,3569.22,0.0,2026-08-28T05:35:46.476799+00:00,65.00,65.0,2026-06-27T11:31:23.836955Z,0.0,0.0,1.0,2026-06-27T11:31:23.886313Z,2026-06-27T14:00:00Z,True
KXHIGHTSEA-26JUN26-B65.5,finalized,yes,0.0,1.0,0.0,0.0,0.0,1.0,0.99,0.99,15303.68,0.0,7540.56,0.0,2026-08-28T05:35:46.476799+00:00,65.00,65.0,2026-06-27T11:31:23.836955Z,1.0,0.0,1.0,2026-06-27T11:31:23.886313Z,2026-06-27T14:00:00Z,True
KXHIGHTSEA-26JUN26-B63.5,finalized,no,0.0,1.0,0.0,0.0,0.0,1.0,0.01,0.01,16945.9,0.0,8468.4,0.0,2026-08-28T05:35:46.476799+00:00,65.00,65.0,2026-06-27T11:31:23.836955Z,0.0,0.0,1.0,2026-06-27T11:31:23.886313Z,2026-06-27T14:00:00Z,True
KXHIGHTSEA-26JUN26-B61.5,finalized,no,0.0,1.0,0.0,0.0,0.0,1.0,0.01,0.01,7050.5,0.0,2672.62,0.0,2026-08-28T05:35:46.476799+00:00,65.00,65.0,2026-06-27T11:31:23.836955Z,0.0,0.0,1.0,2026-06-27T11:31:23.886313Z,2026-06-27T14:00:00Z,True
KXHIGHTSEA-26JUN25-T73,finalized,no,0.0,1.0,0.0,0.0,0.0,1.0,0.01,0.01,5119.65,0.0,3722.31,0.0,2026-08-28T05:35:46.476799+00:00,66.00,66.0,2026-06-26T11:31:32.159137Z,0.0,0.0,1.0,2026-06-26T11:31:32.184496Z,2026-06-26T14:00:00Z,True
KXHIGHTSEA-26JUN25-T66,finalized,no,0.0,1.0,0.0,0.0,0.0,1.0,0.01,0.01,29382.15,0.0,22778.91,0.0,2026-08-28T05:35:46.476799+00:00,66.00,66.0,2026-06-26T11:31:32.159137Z,0.0,0.0,1.0,2026-06-26T11:31:32.184496Z,2026-06-26T14:00:00Z,True
KXHIGHTSEA-26JUN25-B72.5,finalized,no,0.0,1.0,0.0,0.0,0.0,1.0,0.04,0.04,4266.98,0.0,1534.39,0.0,2026-08-28T05:35:46.476799+00:00,66.00,66.0,2026-06-26T11:31:32.159137Z,0.0,0.0,1.0,2026-06-26T11:31:32.184496Z,2026-06-26T14:00:00Z,True
KXHIGHTSEA-26JUN25-B70.5,finalized,no,0.0,1.0,0.0,0.0,0.0,1.0,0.01,0.01,11028.96,0.0,3003.91,0.0,2026-08-28T05:35:46.476799+00:00,66.00,66.0,2026-06-26T11:31:32.159137Z,0.0,0.0,1.0,2026-06-26T11:31:32.184496Z,2026-06-26T14:00:00Z,True
KXHIGHTSEA-26JUN25-B68.5,finalized,no,0.0,1.0,0.0,0.0,0.0,1.0,0.01,0.01,11152.91,0.0,6703.0,0.0,2026-08-28T05:35:46.476799+00:00,66.00,66.0,2026-06-26T11:31:32.159137Z,0.0,0.0,1.0,2026-06-26T11:31:32.184496Z,2026-06-26T14:00:00Z,True
KXHIGHTSEA-26JUN25-B66.5,finalized,yes,0.0,1.0,0.0,0.0,0.0,1.0,0.99,0.99,10671.3,0.0,5330.83,0.0,2026-08-28T05:35:46.476799+00:00,66.00,66.0,2026-06-26T11:31:32.159137Z,1.0,0.0,1.0,2026-06-26T11:31:32.184496Z,2026-06-26T14:00:00Z,True
KXHIGHTSEA-26JUN24-T90,finalized,no,0.0,1.0,0.0,0.0,0.0,1.0,0.02,0.02,4903.66,0.0,4267.44,0.0,2026-08-28T05:35:46.476799+00:00,87.00,87.0,2026-06-25T11:31:36.988101Z,0.0,0.0,0.01,2026-06-25T11:31:37.022703Z,2026-06-25T14:00:00Z,True
KXHIGHTSEA-26JUN24-T83,finalized,no,0.0,1.0,0.0,0.0,0.0,1.0,0.01,0.01,17320.82,0.0,4140.8,0.0,2026-08-28T05:35:46.476799+00:00,87.00,87.0,2026-06-25T11:31:36.988101Z,0.0,0.0,0.01,2026-06-25T11:31:37.022703Z,2026-06-25T14:00:00Z,True
KXHIGHTSEA-26JUN24-B89.5,finalized,no,0.0,1.0,0.0,0.0,0.0,1.0,0.01,0.01,8029.87,0.0,5354.12,0.0,2026-08-28T05:35:46.476799+00:00,87.00,87.0,2026-06-25T11:31:36.988101Z,0.0,0.0,0.01,2026-06-25T11:31:37.022703Z,2026-06-25T14:00:00Z,True
KXHIGHTSEA-26JUN24-B87.5,finalized,yes,0.0,1.0,0.0,0.0,0.0,1.0,0.99,0.99,12354.53,0.0,7723.12,0.0,2026-08-28T05:35:46.476799+00:00,87.00,87.0,2026-06-25T11:31:36.988101Z,1.0,0.99,1.0,2026-06-25T11:31:37.022703Z,2026-06-25T14:00:00Z,True
KXHIGHTSEA-26JUN24-B85.5,finalized,no,0.0,1.0,0.0,0.0,0.0,1.0,0.01,0.01,15304.89,0.0,10834.56,0.0,2026-08-28T05:35:46.476799+00:00,87.00,87.0,2026-06-25T11:31:36.988101Z,0.0,0.0,0.01,2026-06-25T11:31:37.022703Z,2026-06-25T14:00:00Z,True
KXHIGHTSEA-26JUN24-B83.5,finalized,no,0.0,1.0,0.0,0.0,0.0,1.0,0.01,0.01,7951.5,0.0,6754.94,0.0,2026-08-28T05:35:46.476799+00:00,87.00,87.0,2026-06-25T11:31:36.988101Z,0.0,0.0,0.01,2026-06-25T11:31:37.022703Z,2026-06-25T14:00:00Z,True
KXHIGHTSEA-26JUN23-T93,finalized,no,0.0,1.0,0.0,0.0,0.0,1.0,0.02,0.02,4245.45,0.0,4127.45,0.0,2026-08-28T05:35:46.476799+00:00,90.00,90.0,2026-06-24T11:31:33.102384Z,0.0,0.0,1.0,2026-06-24T11:31:33.147371Z,2026-06-24T14:00:00Z,True
KXHIGHTSEA-26JUN23-T86,finalized,no,0.0,1.0,0.0,0.0,0.0,1.0,0.01,0.01,49264.98,0.0,43780.62,0.0,2026-08-28T05:35:46.476799+00:00,90.00,90.0,2026-06-24T11:31:33.102384Z,0.0,0.0,1.0,2026-06-24T11:31:33.147371Z,2026-06-24T14:00:00Z,True
KXHIGHTSEA-26JUN23-B92.5,finalized,no,0.0,1.0,0.0,0.0,0.0,1.0,0.01,0.01,17671.78,0.0,9251.98,0.0,2026-08-28T05:35:46.476799+00:00,90.00,90.0,2026-06-24T11:31:33.102384Z,0.0,0.0,1.0,2026-06-24T11:31:33.147371Z,2026-06-24T14:00:00Z,True
KXHIGHTSEA-26JUN23-B90.5,finalized,yes,0.0,1.0,0.0,0.0,0.0,1.0,0.99,0.99,21029.92,0.0,10208.83,0.0,2026-08-28T05:35:46.476799+00:00,90.00,90.0,2026-06-24T11:31:33.102384Z,1.0,0.0,1.0,2026-06-24T11:31:33.147371Z,2026-06-24T14:00:00Z,True
KXHIGHTSEA-26JUN23-B88.5,finalized,no,0.0,1.0,0.0,0.0,0.0,1.0,0.01,0.01,25901.55,0.0,17540.97,0.0,2026-08-28T05:35:46.476799+00:00,90.00,90.0,2026-06-24T11:31:33.102384Z,0.0,0.0,1.0,2026-06-24T11:31:33.147371Z,2026-06-24T14:00:00Z,True
KXHIGHTSEA-26JUN23-B86.5,finalized,no,0.0,1.0,0.0,0.0,0.0,1.0,0.01,0.01,24759.84,0.0,17014.31,0.0,2026-08-28T05:35:46.476799+00:00,90.00,90.0,2026-06-24T11:31:33.102384Z,0.0,0.0,1.0,2026-06-24T11:31:33.147371Z,2026-06-24T14:00:00Z,True
KXHIGHTSEA-26JUN22-T90,finalized,no,0.0,1.0,0.0,0.0,0.0,1.0,0.01,0.01,1863.39,0.0,1607.95,0.0,2026-08-28T05:35:46.476799+00:00,86.00,86.0,2026-06-23T11:31:24.144807Z,0.0,0.0,1.0,2026-06-23T11:31:24.194307Z,2026-06-23T14:00:00Z,True
KXHIGHTSEA-26JUN22-T83,finalized,no,0.0,1.0,0.0,0.0,0.0,1.0,0.01,0.01,22204.13,0.0,16455.39,0.0,2026-08-28T05:35:46.476799+00:00,86.00,86.0,2026-06-23T11:31:24.144807Z,0.0,0.0,1.0,2026-06-23T11:31:24.194307Z,2026-06-23T14:00:00Z,True
KXHIGHTSEA-26JUN22-B89.5,finalized,no,0.0,1.0,0.0,0.0,0.0,1.0,0.01,0.01,1744.25,0.0,1550.25,0.0,2026-08-28T05:35:46.476799+00:00,86.00,86.0,2026-06-23T11:31:24.144807Z,0.0,0.0,1.0,2026-06-23T11:31:24.194307Z,2026-06-23T14:00:00Z,True
KXHIGHTSEA-26JUN22-B87.5,finalized,no,0.0,1.0,0.0,0.0,0.0,1.0,0.01,0.01,8417.84,0.0,5512.83,0.0,2026-08-28T05:35:46.476799+00:00,86.00,86.0,2026-06-23T11:31:24.144807Z,0.0,0.0,1.0,2026-06-23T11:31:24.194307Z,2026-06-23T14:00:00Z,True
KXHIGHTSEA-26JUN22-B85.5,finalized,yes,0.0,1.0,0.0,0.0,0.0,1.0,0.99,0.99,11976.11,0.0,6087.65,0.0,2026-08-28T05:35:46.476799+00:00,86.00,86.0,2026-06-23T11:31:24.144807Z,1.0,0.0,1.0,2026-06-23T11:31:24.194307Z,2026-06-23T14:00:00Z,True
KXHIGHTSEA-26JUN22-B83.5,finalized,no,0.0,1.0,0.0,0.0,0.0,1.0,0.01,0.01,19093.24,0.0,14865.05,0.0,2026-08-28T05:35:46.476799+00:00,86.00,86.0,2026-06-23T11:31:24.144807Z,0.0,0.0,1.0,2026-06-23T11:31:24.194307Z,2026-06-23T14:00:00Z,True
KXHIGHTSEA-26JUN21-T85,finalized,no,0.0,1.0,0.0,0.0,0.0,1.0,0.01,0.01,1210.94,0.0,1156.15,0.0,2026-08-28T05:35:46.476799+00:00,77.00,77.0,2026-06-22T11:31:24.145702Z,0.0,0.0,1.0,2026-06-22T11:31:24.183725Z,2026-06-22T14:00:00Z,True
KXHIGHTSEA-26JUN21-T78,finalized,yes,0.0,1.0,0.0,0.0,0.0,1.0,0.99,0.99,16710.03,0.0,8723.21,0.0,2026-08-28T05:35:46.476799+00:00,77.00,77.0,2026-06-22T11:31:24.145702Z,1.0,0.0,1.0,2026-06-22T11:31:24.183725Z,2026-06-22T14:00:00Z,True
KXHIGHTSEA-26JUN21-B84.5,finalized,no,0.0,1.0,0.0,0.0,0.0,1.0,0.01,0.01,1556.33,0.0,1311.54,0.0,2026-08-28T05:35:46.476799+00:00,77.00,77.0,2026-06-22T11:31:24.145702Z,0.0,0.0,1.0,2026-06-22T11:31:24.183725Z,2026-06-22T14:00:00Z,True
KXHIGHTSEA-26JUN21-B82.5,finalized,no,0.0,1.0,0.0,0.0,0.0,1.0,0.01,0.01,994.27,0.0,980.27,0.0,2026-08-28T05:35:46.476799+00:00,77.00,77.0,2026-06-22T11:31:24.145702Z,0.0,0.0,1.0,2026-06-22T11:31:24.183725Z,2026-06-22T14:00:00Z,True
KXHIGHTSEA-26JUN21-B80.5,finalized,no,0.0,1.0,0.0,0.0,0.0,1.0,0.01,0.01,8777.58,0.0,5453.64,0.0,2026-08-28T05:35:46.476799+00:00,77.00,77.0,2026-06-22T11:31:24.145702Z,0.0,0.0,1.0,2026-06-22T11:31:24.183725Z,2026-06-22T14:00:00Z,True
KXHIGHTSEA-26JUN21-B78.5,finalized,no,0.0,1.0,0.0,0.0,0.0,1.0,0.01,0.01,9748.55,0.0,5491.14,0.0,2026-08-28T05:35:46.476799+00:00,77.00,77.0,2026-06-22T11:31:24.145702Z,0.0,0.0,1.0,2026-06-22T11:31:24.183725Z,2026-06-22T14:00:00Z,True
KXHIGHTSEA-26AUG29-T73,active,,0.02,0.03,0.01,212.0,0.97,0.98,0.03,0.0,205.0,205.0,205.0,0.0,2026-08-28T18:54:29.515947+00:00,,,,,0.0,0.0,2026-08-28T14:00:01.660377Z,2026-08-30T14:00:00Z,True
KXHIGHTSEA-26AUG29-T66,active,,0.09,0.1,61.0,62.0,0.9,0.91,0.09,0.0,242.0,242.0,203.0,0.0,2026-08-28T18:54:29.515947+00:00,,,,,0.0,0.0,2026-08-28T14:00:01.660377Z,2026-08-30T14:00:00Z,True
KXHIGHTSEA-26AUG29-B72.5,active,,0.05,0.07,104.0,7.0,0.93,0.95,0.06,0.0,41.0,41.0,38.0,0.0,2026-08-28T18:54:29.515947+00:00,,,,,0.0,0.0,2026-08-28T14:00:01.660377Z,2026-08-30T14:00:00Z,True
KXHIGHTSEA-26AUG29-B70.5,active,,0.17,0.18,58.0,31.0,0.82,0.83,0.2,0.0,55.0,55.0,55.0,0.0,2026-08-28T18:54:29.515947+00:00,,,,,0.0,0.0,2026-08-28T14:00:01.660377Z,2026-08-30T14:00:00Z,True
KXHIGHTSEA-26AUG29-B68.5,active,,0.4,0.41,12.0,74.0,0.59,0.6,0.41,0.0,38.0,38.0,36.0,0.0,2026-08-28T18:54:29.515947+00:00,,,,,0.0,0.0,2026-08-28T14:00:01.660377Z,2026-08-30T14:00:00Z,True
KXHIGHTSEA-26AUG29-B66.5,active,,0.22,0.23,12.0,3.0,0.77,0.78,0.22,0.0,24.0,24.0,14.0,0.0,2026-08-28T18:54:29.515947+00:00,,,,,0.0,0.0,2026-08-28T14:00:01.660377Z,2026-08-30T14:00:00Z,True
KXHIGHTSEA-26AUG28-T76,active,,0.0,0.01,0.0,342.36,0.99,1.0,0.01,0.03,1560.74,906.65,1241.74,0.0,2026-08-28T18:54:29.515947+00:00,,,,,0.01,0.03,2026-08-27T14:00:01.998064Z,2026-08-29T14:00:00Z,True
KXHIGHTSEA-26AUG28-T69,active,,0.01,0.02,211.98,75.0,0.98,0.99,0.01,0.03,3135.9,3018.73,2971.2,0.0,2026-08-28T18:54:29.515947+00:00,,,,,0.04,0.06,2026-08-27T14:00:01.891987Z,2026-08-29T14:00:00Z,True
KXHIGHTSEA-26AUG28-B75.5,active,,0.11,0.12,5.0,1.0,0.88,0.89,0.13,0.08,2098.05,1718.58,1147.51,0.0,2026-08-28T18:54:29.515947+00:00,,,,,0.06,0.08,2026-08-27T14:00:01.891987Z,2026-08-29T14:00:00Z,True
KXHIGHTSEA-26AUG28-B73.5,active,,0.54,0.64,55.0,77.09,0.36,0.46,0.55,0.4,2433.26,1829.56,2264.72,0.0,2026-08-28T18:54:29.515947+00:00,,,,,0.39,0.4,2026-08-27T14:00:01.891987Z,2026-08-29T14:00:00Z,True
KXHIGHTSEA-26AUG28-B71.5,active,,0.23,0.24,13.0,6.03,0.76,0.77,0.24,0.34,1604.85,1489.2,1208.61,0.0,2026-08-28T18:54:29.515947+00:00,,,,,0.3,0.35,2026-08-27T14:00:01.891987Z,2026-08-29T14:00:00Z,True
KXHIGHTSEA-26AUG28-B69.5,active,,0.04,0.08,64.39,34.0,0.92,0.96,0.04,0.14,3220.7,3133.23,2718.39,0.0,2026-08-28T18:54:29.515947+00:00,,,,,0.12,0.14,2026-08-27T14:00:01.891987Z,2026-08-29T14:00:00Z,True
KXHIGHTSEA-26AUG27-T77,finalized,no,0.0,1.0,0.0,0.0,0.0,1.0,0.01,0.01,2829.91,1979.38,2659.98,0.0,2026-08-28T18:54:29.515947+00:00,74.00,74.0,2026-08-28T14:13:45.700413Z,0.0,0.0,0.01,2026-08-28T14:13:45.761481Z,2026-08-28T14:00:00Z,True
KXHIGHTSEA-26AUG27-T70,finalized,no,0.0,1.0,0.0,0.0,0.0,1.0,0.01,0.04,1579.15,316.89,1345.77,0.0,2026-08-28T18:54:29.515947+00:00,74.00,74.0,2026-08-28T14:13:45.700413Z,0.0,0.02,0.06,2026-08-28T14:13:45.761481Z,2026-08-28T14:00:00Z,True
KXHIGHTSEA-26AUG27-B76.5,finalized,no,0.0,1.0,0.0,0.0,0.0,1.0,0.01,0.02,7573.07,4122.52,4481.88,0.0,2026-08-28T18:54:29.515947+00:00,74.00,74.0,2026-08-28T14:13:45.700413Z,0.0,0.0,0.02,2026-08-28T14:13:45.761481Z,2026-08-28T14:00:00Z,True
KXHIGHTSEA-26AUG27-B74.5,finalized,yes,0.0,1.0,0.0,0.0,0.0,1.0,0.99,0.38,7973.46,6072.19,5177.39,0.0,2026-08-28T18:54:29.515947+00:00,74.00,74.0,2026-08-28T14:13:45.700413Z,1.0,0.36,0.38,2026-08-28T14:13:45.761481Z,2026-08-28T14:00:00Z,True
KXHIGHTSEA-26AUG27-B72.5,finalized,no,0.0,1.0,0.0,0.0,0.0,1.0,0.01,0.55,14372.95,12605.83,8347.43,0.0,2026-08-28T18:54:29.515947+00:00,74.00,74.0,2026-08-28T14:13:45.700413Z,0.0,0.51,0.55,2026-08-28T14:13:45.761481Z,2026-08-28T14:00:00Z,True
KXHIGHTSEA-26AUG27-B70.5,finalized,no,0.0,1.0,0.0,0.0,0.0,1.0,0.01,0.1,3881.18,1600.45,2740.78,0.0,2026-08-28T18:54:29.515947+00:00,74.00,74.0,2026-08-28T14:13:45.700413Z,0.0,0.09,0.1,2026-08-28T14:13:45.761481Z,2026-08-28T14:00:00Z,True
KXHIGHTSEA-26AUG26-T82,finalized,no,0.0,1.0,0.0,0.0,0.0,1.0,0.01,0.01,695.1,0.0,645.1,0.0,2026-08-28T18:54:29.515947+00:00,77.00,77.0,2026-08-27T14:18:25.702592Z,0.0,0.0,0.01,2026-08-27T14:18:25.711298Z,2026-08-27T14:00:00Z,True
KXHIGHTSEA-26AUG26-T75,finalized,no,0.0,1.0,0.0,0.0,0.0,1.0,0.01,0.01,12454.6,0.0,7632.87,0.0,2026-08-28T18:54:29.515947+00:00,77.00,77.0,2026-08-27T14:18:25.702592Z,0.0,0.0,0.01,2026-08-27T14:18:25.711298Z,2026-08-27T14:00:00Z,True
KXHIGHTSEA-26AUG26-B81.5,finalized,no,0.0,1.0,0.0,0.0,0.0,1.0,0.01,0.01,1557.59,0.0,1308.86,0.0,2026-08-28T18:54:29.515947+00:00,77.00,77.0,2026-08-27T14:18:25.702592Z,0.0,0.0,0.01,2026-08-27T14:18:25.711298Z,2026-08-27T14:00:00Z,True
KXHIGHTSEA-26AUG26-B79.5,finalized,no,0.0,1.0,0.0,0.0,0.0,1.0,0.02,0.02,8893.86,0.0,6108.16,0.0,2026-08-28T18:54:29.515947+00:00,77.00,77.0,2026-08-27T14:18:25.702592Z,0.0,0.0,0.01,2026-08-27T14:18:25.711298Z,2026-08-27T14:00:00Z,True
KXHIGHTSEA-26AUG26-B77.5,finalized,yes,0.0,1.0,0.0,0.0,0.0,1.0,0.99,0.99,11685.31,0.0,5866.79,0.0,2026-08-28T18:54:29.515947+00:00,77.00,77.0,2026-08-27T14:18:25.702592Z,1.0,0.99,1.0,2026-08-27T14:18:25.711298Z,2026-08-27T14:00:00Z,True
KXHIGHTSEA-26AUG26-B75.5,finalized,no,0.0,1.0,0.0,0.0,0.0,1.0,0.01,0.01,14950.46,0.0,8626.41,0.0,2026-08-28T18:54:29.515947+00:00,77.00,77.0,2026-08-27T14:18:25.702592Z,0.0,0.0,0.01,2026-08-27T14:18:25.711298Z,2026-08-27T14:00:00Z,True
KXHIGHTSEA-26AUG25-T90,finalized,no,0.0,1.0,0.0,0.0,0.0,1.0,0.01,0.01,882.75,0.0,828.75,0.0,2026-08-28T18:54:29.515947+00:00,84.00,84.0,2026-08-26T14:18:07.052233Z,0.0,0.0,1.0,2026-08-26T14:18:07.058033Z,2026-08-26T14:00:00Z,True
KXHIGHTSEA-26AUG25-T83,finalized,no,0.0,1.0,0.0,0.0,0.0,1.0,0.01,0.01,6069.0,0.0,4885.54,0.0,2026-08-28T18:54:29.515947+00:00,84.00,84.0,2026-08-26T14:18:07.052233Z,0.0,0.0,1.0,2026-08-26T14:18:07.058033Z,2026-08-26T14:00:00Z,True
KXHIGHTSEA-26AUG25-B89.5,finalized,no,0.0,1.0,0.0,0.0,0.0,1.0,0.01,0.01,7236.36,0.0,6301.46,0.0,2026-08-28T18:54:29.515947+00:00,84.00,84.0,2026-08-26T14:18:07.052233Z,0.0,0.0,1.0,2026-08-26T14:18:07.058033Z,2026-08-26T14:00:00Z,True
KXHIGHTSEA-26AUG25-B87.5,finalized,no,0.0,1.0,0.0,0.0,0.0,1.0,0.01,0.01,13701.81,0.0,8264.91,0.0,2026-08-28T18:54:29.515947+00:00,84.00,84.0,2026-08-26T14:18:07.052233Z,0.0,0.0,1.0,2026-08-26T14:18:07.058033Z,2026-08-26T14:00:00Z,True
KXHIGHTSEA-26AUG25-B85.5,finalized,no,0.0,1.0,0.0,0.0,0.0,1.0,0.01,0.01,13853.9,0.0,6701.26,0.0,2026-08-28T18:54:29.515947+00:00,84.00,84.0,2026-08-26T14:18:07.052233Z,0.0,0.0,1.0,2026-08-26T14:18:07.058033Z,2026-08-26T14:00:00Z,True
KXHIGHTSEA-26AUG25-B83.5,finalized,yes,0.0,1.0,0.0,0.0,0.0,1.0,0.99,0.99,20083.81,0.0,8178.63,0.0,2026-08-28T18:54:29.515947+00:00,84.00,84.0,2026-08-26T14:18:07.052233Z,1.0,0.0,1.0,2026-08-26T14:18:07.058033Z,2026-08-26T14:00:00Z,True
KXHIGHTSEA-26AUG24-T82,finalized,no,0.0,1.0,0.0,0.0,0.0,1.0,0.01,0.01,12786.26,0.0,10312.29,0.0,2026-08-28T18:54:29.515947+00:00,81.00,81.0,2026-08-25T14:12:47.051061Z,0.0,0.0,1.0,2026-08-25T14:12:47.057394Z,2026-08-25T14:00:00Z,True
KXHIGHTSEA-26AUG24-T75,finalized,no,0.0,1.0,0.0,0.0,0.0,1.0,0.01,0.01,2856.04,0.0,2351.62,0.0,2026-08-28T18:54:29.515947+00:00,81.00,81.0,2026-08-25T14:12:47.051061Z,0.0,0.0,1.0,2026-08-25T14:12:47.057394Z,2026-08-25T14:00:00Z,True
KXHIGHTSEA-26AUG24-B81.5,finalized,yes,0.0,1.0,0.0,0.0,0.0,1.0,0.99,0.99,12652.34,0.0,6130.54,0.0,2026-08-28T18:54:29.515947+00:00,81.00,81.0,2026-08-25T14:12:47.051061Z,1.0,0.0,1.0,2026-08-25T14:12:47.057394Z,2026-08-25T14:00:00Z,True
KXHIGHTSEA-26AUG24-B79.5,finalized,no,0.0,1.0,0.0,0.0,0.0,1.0,0.01,0.01,19747.66,0.0,9506.79,0.0,2026-08-28T18:54:29.515947+00:00,81.00,81.0,2026-08-25T14:12:47.051061Z,0.0,0.0,1.0,2026-08-25T14:12:47.057394Z,2026-08-25T14:00:00Z,True
KXHIGHTSEA-26AUG24-B77.5,finalized,no,0.0,1.0,0.0,0.0,0.0,1.0,0.01,0.01,10762.63,0.0,6509.3,0.0,2026-08-28T18:54:29.515947+00:00,81.00,81.0,2026-08-25T14:12:47.051061Z,0.0,0.0,1.0,2026-08-25T14:12:47.057394Z,2026-08-25T14:00:00Z,True
KXHIGHTSEA-26AUG24-B75.5,finalized,no,0.0,1.0,0.0,0.0,0.0,1.0,0.01,0.01,6205.02,0.0,4673.28,0.0,2026-08-28T18:54:29.515947+00:00,81.00,81.0,2026-08-25T14:12:47.051061Z,0.0,0.0,1.0,2026-08-25T14:12:47.057394Z,2026-08-25T14:00:00Z,True
KXHIGHTSEA-26AUG23-T79,finalized,no,0.0,1.0,0.0,0.0,0.0,1.0,0.01,0.01,4043.1,0.0,3740.81,0.0,2026-08-28T18:54:29.515947+00:00,75.00,75.0,2026-08-24T14:12:37.050721Z,0.0,0.0,1.0,2026-08-24T14:12:37.106858Z,2026-08-24T14:00:00Z,True
KXHIGHTSEA-26AUG23-T72,finalized,no,0.0,1.0,0.0,0.0,0.0,1.0,0.01,0.01,2951.73,0.0,2355.95,0.0,2026-08-28T18:54:29.515947+00:00,75.00,75.0,2026-08-24T14:12:37.050721Z,0.0,0.0,1.0,2026-08-24T14:12:37.106858Z,2026-08-24T14:00:00Z,True
KXHIGHTSEA-26AUG23-B78.5,finalized,no,0.0,1.0,0.0,0.0,0.0,1.0,0.01,0.01,8548.6,0.0,5916.96,0.0,2026-08-28T18:54:29.515947+00:00,75.00,75.0,2026-08-24T14:12:37.050721Z,0.0,0.0,1.0,2026-08-24T14:12:37.106858Z,2026-08-24T14:00:00Z,True
KXHIGHTSEA-26AUG23-B76.5,finalized,no,0.0,1.0,0.0,0.0,0.0,1.0,0.01,0.01,14692.56,0.0,5855.01,0.0,2026-08-28T18:54:29.515947+00:00,75.00,75.0,2026-08-24T14:12:37.050721Z,0.0,0.0,1.0,2026-08-24T14:12:37.106858Z,2026-08-24T14:00:00Z,True
KXHIGHTSEA-26AUG23-B74.5,finalized,yes,0.0,1.0,0.0,0.0,0.0,1.0,0.99,0.99,16591.04,0.0,5955.74,0.0,2026-08-28T18:54:29.515947+00:00,75.00,75.0,2026-08-24T14:12:37.050721Z,1.0,0.0,1.0,2026-08-24T14:12:37.106858Z,2026-08-24T14:00:00Z,True
KXHIGHTSEA-26AUG23-B72.5,finalized,no,0.0,1.0,0.0,0.0,0.0,1.0,0.01,0.01,13951.6,0.0,11468.79,0.0,2026-08-28T18:54:29.515947+00:00,75.00,75.0,2026-08-24T14:12:37.050721Z,0.0,0.0,1.0,2026-08-24T14:12:37.106858Z,2026-08-24T14:00:00Z,True
KXHIGHTSEA-26AUG22-T76,finalized,no,0.0,1.0,0.0,0.0,0.0,1.0,0.01,0.01,13512.12,0.0,7681.91,0.0,2026-08-28T18:54:29.515947+00:00,76.00,76.0,2026-08-23T14:12:37.036278Z,0.0,0.0,1.0,2026-08-23T14:12:37.090393Z,2026-08-23T14:00:00Z,True
KXHIGHTSEA-26AUG22-T69,finalized,no,0.0,1.0,0.0,0.0,0.0,1.0,0.01,0.01,3280.92,0.0,2373.65,0.0,2026-08-28T18:54:29.515947+00:00,76.00,76.0,2026-08-23T14:12:37.036278Z,0.0,0.0,1.0,2026-08-23T14:12:37.090393Z,2026-08-23T14:00:00Z,True
KXHIGHTSEA-26AUG22-B75.5,finalized,yes,0.0,1.0,0.0,0.0,0.0,1.0,0.99,0.99,9335.27,0.0,4120.39,0.0,2026-08-28T18:54:29.515947+00:00,76.00,76.0,2026-08-23T14:12:37.036278Z,1.0,0.0,1.0,2026-08-23T14:12:37.090393Z,2026-08-23T14:00:00Z,True
KXHIGHTSEA-26AUG22-B73.5,finalized,no,0.0,1.0,0.0,0.0,0.0,1.0,0.01,0.01,11940.04,0.0,6917.3,0.0,2026-08-28T18:54:29.515947+00:00,76.00,76.0,2026-08-23T14:12:37.036278Z,0.0,0.0,1.0,2026-08-23T14:12:37.090393Z,2026-08-23T14:00:00Z,True
KXHIGHTSEA-26AUG22-B71.5,finalized,no,0.0,1.0,0.0,0.0,0.0,1.0,0.01,0.01,13523.36,0.0,8493.11,0.0,2026-08-28T18:54:29.515947+00:00,76.00,76.0,2026-08-23T14:12:37.036278Z,0.0,0.0,1.0,2026-08-23T14:12:37.090393Z,2026-08-23T14:00:00Z,True
KXHIGHTSEA-26AUG22-B69.5,finalized,no,0.0,1.0,0.0,0.0,0.0,1.0,0.01,0.01,6240.57,0.0,4337.56,0.0,2026-08-28T18:54:29.515947+00:00,76.00,76.0,2026-08-23T14:12:37.036278Z,0.0,0.0,1.0,2026-08-23T14:12:37.090393Z,2026-08-23T14:00:00Z,True
KXHIGHTSEA-26AUG21-T86,finalized,no,0.0,1.0,0.0,0.0,0.0,1.0,0.01,0.01,13580.03,0.0,8329.51,0.0,2026-08-28T18:54:29.515947+00:00,81.00,81.0,2026-08-22T14:12:47.035944Z,0.0,0.0,1.0,2026-08-22T14:12:47.085706Z,2026-08-22T14:00:00Z,True
KXHIGHTSEA-26AUG21-T79,finalized,no,0.0,1.0,0.0,0.0,0.0,1.0,0.01,0.01,10450.18,0.0,7286.99,0.0,2026-08-28T18:54:29.515947+00:00,81.00,81.0,2026-08-22T14:12:47.035944Z,0.0,0.0,1.0,2026-08-22T14:12:47.085706Z,2026-08-22T14:00:00Z,True
KXHIGHTSEA-26AUG21-B85.5,finalized,no,0.0,1.0,0.0,0.0,0.0,1.0,0.01,0.01,16439.37,0.0,9592.5,0.0,2026-08-28T18:54:29.515947+00:00,81.00,81.0,2026-08-22T14:12:47.035944Z,0.0,0.0,1.0,2026-08-22T14:12:47.085706Z,2026-08-22T14:00:00Z,True
KXHIGHTSEA-26AUG21-B83.5,finalized,no,0.0,1.0,0.0,0.0,0.0,1.0,0.01,0.01,11401.13,0.0,5810.89,0.0,2026-08-28T18:54:29.515947+00:00,81.00,81.0,2026-08-22T14:12:47.035944Z,0.0,0.0,1.0,2026-08-22T14:12:47.085706Z,2026-08-22T14:00:00Z,True
KXHIGHTSEA-26AUG21-B81.5,finalized,yes,0.0,1.0,0.0,0.0,0.0,1.0,0.99,0.99,26411.48,0.0,11105.16,0.0,2026-08-28T18:54:29.515947+00:00,81.00,81.0,2026-08-22T14:12:47.035944Z,1.0,0.0,1.0,2026-08-22T14:12:47.085706Z,2026-08-22T14:00:00Z,True
KXHIGHTSEA-26AUG21-B79.5,finalized,no,0.0,1.0,0.0,0.0,0.0,1.0,0.01,0.01,44620.98,0.0,23161.42,0.0,2026-08-28T18:54:29.515947+00:00,81.00,81.0,2026-08-22T14:12:47.035944Z,0.0,0.0,1.0,2026-08-22T14:12:47.085706Z,2026-08-22T14:00:00Z,True
KXHIGHTSEA-26AUG20-T86,finalized,no,0.0,1.0,0.0,0.0,0.0,1.0,0.01,0.01,15278.92,0.0,9662.58,0.0,2026-08-28T18:54:29.515947+00:00,86.00,86.0,2026-08-21T14:12:37.08654Z,0.0,0.0,1.0,2026-08-21T14:12:37.136039Z,2026-08-21T14:00:00Z,True
KXHIGHTSEA-26AUG20-T79,finalized,no,0.0,1.0,0.0,0.0,0.0,1.0,0.01,0.01,1249.63,0.0,1146.82,0.0,2026-08-28T18:54:29.515947+00:00,86.00,86.0,2026-08-21T14:12:37.08654Z,0.0,0.0,1.0,2026-08-21T14:12:37.136039Z,2026-08-21T14:00:00Z,True
KXHIGHTSEA-26AUG20-B85.5,finalized,yes,0.0,1.0,0.0,0.0,0.0,1.0,0.99,0.99,11698.37,0.0,6798.62,0.0,2026-08-28T18:54:29.515947+00:00,86.00,86.0,2026-08-21T14:12:37.08654Z,1.0,0.0,1.0,2026-08-21T14:12:37.136039Z,2026-08-21T14:00:00Z,True
KXHIGHTSEA-26AUG20-B83.5,finalized,no,0.0,1.0,0.0,0.0,0.0,1.0,0.01,0.01,19017.13,0.0,13081.14,0.0,2026-08-28T18:54:29.515947+00:00,86.00,86.0,2026-08-21T14:12:37.08654Z,0.0,0.0,1.0,2026-08-21T14:12:37.136039Z,2026-08-21T14:00:00Z,True
KXHIGHTSEA-26AUG20-B81.5,finalized,no,0.0,1.0,0.0,0.0,0.0,1.0,0.01,0.01,16746.15,0.0,12122.15,0.0,2026-08-28T18:54:29.515947+00:00,86.00,86.0,2026-08-21T14:12:37.08654Z,0.0,0.0,1.0,2026-08-21T14:12:37.136039Z,2026-08-21T14:00:00Z,True
KXHIGHTSEA-26AUG20-B79.5,finalized,no,0.0,1.0,0.0,0.0,0.0,1.0,0.01,0.01,5992.78,0.0,5875.72,0.0,2026-08-28T18:54:29.515947+00:00,86.00,86.0,2026-08-21T14:12:37.08654Z,0.0,0.0,1.0,2026-08-21T14:12:37.136039Z,2026-08-21T14:00:00Z,True
KXHIGHTSEA-26AUG19-T82,finalized,yes,0.0,1.0,0.0,0.0,0.0,1.0,0.99,0.99,16294.28,0.0,11468.78,0.0,2026-08-28T18:54:29.515947+00:00,83.00,83.0,2026-08-20T14:12:37.037329Z,1.0,0.99,1.0,2026-08-20T14:12:37.043703Z,2026-08-20T14:00:00Z,True
KXHIGHTSEA-26AUG19-T75,finalized,no,0.0,1.0,0.0,0.0,0.0,1.0,0.01,0.01,2521.41,0.0,1767.73,0.0,2026-08-28T18:54:29.515947+00:00,83.00,83.0,2026-08-20T14:12:37.037329Z,0.0,0.0,0.01,2026-08-20T14:12:37.043703Z,2026-08-20T14:00:00Z,True
KXHIGHTSEA-26AUG19-B81.5,finalized,no,0.0,1.0,0.0,0.0,0.0,1.0,0.01,0.01,17536.72,0.0,11855.14,0.0,2026-08-28T18:54:29.515947+00:00,83.00,83.0,2026-08-20T14:12:37.037329Z,0.0,0.0,0.01,2026-08-20T14:12:37.043703Z,2026-08-20T14:00:00Z,True
KXHIGHTSEA-26AUG19-B79.5,finalized,no,0.0,1.0,0.0,0.0,0.0,1.0,0.01,0.01,14572.07,0.0,7750.12,0.0,2026-08-28T18:54:29.515947+00:00,83.00,83.0,2026-08-20T14:12:37.037329Z,0.0,0.0,0.01,2026-08-20T14:12:37.043703Z,2026-08-20T14:00:00Z,True
KXHIGHTSEA-26AUG19-B77.5,finalized,no,0.0,1.0,0.0,0.0,0.0,1.0,0.01,0.01,7592.23,0.0,4667.98,0.0,2026-08-28T18:54:29.515947+00:00,83.00,83.0,2026-08-20T14:12:37.037329Z,0.0,0.0,0.01,2026-08-20T14:12:37.043703Z,2026-08-20T14:00:00Z,True
KXHIGHTSEA-26AUG19-B75.5,finalized,no,0.0,1.0,0.0,0.0,0.0,1.0,0.01,0.01,8013.29,0.0,5933.34,0.0,2026-08-28T18:54:29.515947+00:00,83.00,83.0,2026-08-20T14:12:37.037329Z,0.0,0.0,0.01,2026-08-20T14:12:37.043703Z,2026-08-20T14:00:00Z,True
KXHIGHTSEA-26AUG18-T83,finalized,no,0.0,1.0,0.0,0.0,0.0,1.0,0.01,0.01,2905.56,0.0,2645.56,0.0,2026-08-28T18:54:29.515947+00:00,80.00,80.0,2026-08-19T14:12:54.648058Z,0.0,0.0,1.0,2026-08-19T14:12:54.687446Z,2026-08-19T14:00:00Z,True
KXHIGHTSEA-26AUG18-T76,finalized,no,0.0,1.0,0.0,0.0,0.0,1.0,0.01,0.01,3422.25,0.0,2541.29,0.0,2026-08-28T18:54:29.515947+00:00,80.00,80.0,2026-08-19T14:12:54.648058Z,0.0,0.0,1.0,2026-08-19T14:12:54.687446Z,2026-08-19T14:00:00Z,True
KXHIGHTSEA-26AUG18-B82.5,finalized,no,0.0,1.0,0.0,0.0,0.0,1.0,0.01,0.01,9219.68,0.0,6720.81,0.0,2026-08-28T18:54:29.515947+00:00,80.00,80.0,2026-08-19T14:12:54.648058Z,0.0,0.0,1.0,2026-08-19T14:12:54.687446Z,2026-08-19T14:00:00Z,True
KXHIGHTSEA-26AUG18-B80.5,finalized,yes,0.0,1.0,0.0,0.0,0.0,1.0,0.99,0.99,19277.57,0.0,7788.63,0.0,2026-08-28T18:54:29.515947+00:00,80.00,80.0,2026-08-19T14:12:54.648058Z,1.0,0.0,1.0,2026-08-19T14:12:54.687446Z,2026-08-19T14:00:00Z,True
KXHIGHTSEA-26AUG18-B78.5,finalized,no,0.0,1.0,0.0,0.0,0.0,1.0,0.01,0.01,21841.28,0.0,14764.47,0.0,2026-08-28T18:54:29.515947+00:00,80.00,80.0,2026-08-19T14:12:54.648058Z,0.0,0.0,1.0,2026-08-19T14:12:54.687446Z,2026-08-19T14:00:00Z,True
KXHIGHTSEA-26AUG18-B76.5,finalized,no,0.0,1.0,0.0,0.0,0.0,1.0,0.01,0.01,8709.31,0.0,5722.71,0.0,2026-08-28T18:54:29.515947+00:00,80.00,80.0,2026-08-19T14:12:54.648058Z,0.0,0.0,1.0,2026-08-19T14:12:54.687446Z,2026-08-19T14:00:00Z,True
KXHIGHTSEA-26AUG17-T84,finalized,no,0.0,1.0,0.0,0.0,0.0,1.0,0.01,0.01,2887.68,0.0,2868.68,0.0,2026-08-28T18:54:29.515947+00:00,80.00,80.0,2026-08-18T14:12:42.346677Z,0.0,0.0,1.0,2026-08-18T14:12:42.37009Z,2026-08-18T14:00:00Z,True
KXHIGHTSEA-26AUG17-T77,finalized,no,0.0,1.0,0.0,0.0,0.0,1.0,0.01,0.01,8869.19,0.0,5558.87,0.0,2026-08-28T18:54:29.515947+00:00,80.00,80.0,2026-08-18T14:12:42.346677Z,0.0,0.0,1.0,2026-08-18T14:12:42.37009Z,2026-08-18T14:00:00Z,True
KXHIGHTSEA-26AUG17-B83.5,finalized,no,0.0,1.0,0.0,0.0,0.0,1.0,0.02,0.02,2968.38,0.0,2530.79,0.0,2026-08-28T18:54:29.515947+00:00,80.00,80.0,2026-08-18T14:12:42.346677Z,0.0,0.0,1.0,2026-08-18T14:12:42.37009Z,2026-08-18T14:00:00Z,True
KXHIGHTSEA-26AUG17-B81.5,finalized,no,0.0,1.0,0.0,0.0,0.0,1.0,0.01,0.01,17776.68,0.0,8124.47,0.0,2026-08-28T18:54:29.515947+00:00,80.00,80.0,2026-08-18T14:12:42.346677Z,0.0,0.0,1.0,2026-08-18T14:12:42.37009Z,2026-08-18T14:00:00Z,True
KXHIGHTSEA-26AUG17-B79.5,finalized,yes,0.0,1.0,0.0,0.0,0.0,1.0,0.99,0.99,24097.47,0.0,10788.9,0.0,2026-08-28T18:54:29.515947+00:00,80.00,80.0,2026-08-18T14:12:42.346677Z,1.0,0.0,1.0,2026-08-18T14:12:42.37009Z,2026-08-18T14:00:00Z,True
KXHIGHTSEA-26AUG17-B77.5,finalized,no,0.0,1.0,0.0,0.0,0.0,1.0,0.01,0.01,34545.16,0.0,21075.45,0.0,2026-08-28T18:54:29.515947+00:00,80.00,80.0,2026-08-18T14:12:42.346677Z,0.0,0.0,1.0,2026-08-18T14:12:42.37009Z,2026-08-18T14:00:00Z,True
KXHIGHTSEA-26AUG16-T84,finalized,no,0.0,1.0,0.0,0.0,0.0,1.0,0.01,0.01,898.0,0.0,581.0,0.0,2026-08-28T18:54:29.515947+00:00,75.00,75.0,2026-08-17T19:12:42.349031Z,0.0,0.0,1.0,2026-08-17T19:12:42.373839Z,2026-08-17T14:00:00Z,True
KXHIGHTSEA-26AUG16-T77,finalized,yes,0.0,1.0,0.0,0.0,0.0,1.0,0.99,0.99,8733.2,0.0,5599.79,0.0,2026-08-28T18:54:29.515947+00:00,75.00,75.0,2026-08-17T19:12:42.349031Z,1.0,0.0,1.0,2026-08-17T19:12:42.373839Z,2026-08-17T14:00:00Z,True
KXHIGHTSEA-26AUG16-B83.5,finalized,no,0.0,1.0,0.0,0.0,0.0,1.0,0.01,0.01,543.17,0.0,513.41,0.0,2026-08-28T18:54:29.515947+00:00,75.00,75.0,2026-08-17T19:12:42.349031Z,0.0,0.0,1.0,2026-08-17T19:12:42.373839Z,2026-08-17T14:00:00Z,True
KXHIGHTSEA-26AUG16-B81.5,finalized,no,0.0,1.0,0.0,0.0,0.0,1.0,0.01,0.01,826.05,0.0,724.85,0.0,2026-08-28T18:54:29.515947+00:00,75.00,75.0,2026-08-17T19:12:42.349031Z,0.0,0.0,1.0,2026-08-17T19:12:42.373839Z,2026-08-17T14:00:00Z,True
KXHIGHTSEA-26AUG16-B79.5,finalized,no,0.0,1.0,0.0,0.0,0.0,1.0,0.01,0.01,1613.78,0.0,1050.27,0.0,2026-08-28T18:54:29.515947+00:00,75.00,75.0,2026-08-17T19:12:42.349031Z,0.0,0.0,1.0,2026-08-17T19:12:42.373839Z,2026-08-17T14:00:00Z,True
KXHIGHTSEA-26AUG16-B77.5,finalized,no,0.0,1.0,0.0,0.0,0.0,1.0,0.01,0.01,5647.29,0.0,2996.59,0.0,2026-08-28T18:54:29.515947+00:00,75.00,75.0,2026-08-17T19:12:42.349031Z,0.0,0.0,1.0,2026-08-17T19:12:42.373839Z,2026-08-17T14:00:00Z,True
KXHIGHTSEA-26AUG15-T86,finalized,no,0.0,1.0,0.0,0.0,0.0,1.0,0.01,0.01,1757.56,0.0,1030.28,0.0,2026-08-28T18:54:29.515947+00:00,75.00,75.0,2026-08-16T19:12:22.350703Z,0.0,0.0,1.0,2026-08-16T19:12:22.396052Z,2026-08-16T14:41:08Z,True
KXHIGHTSEA-26AUG15-T79,finalized,yes,0.0,1.0,0.0,0.0,0.0,1.0,0.99,0.99,7900.36,0.0,4901.93,0.0,2026-08-28T18:54:29.515947+00:00,75.00,75.0,2026-08-16T19:12:22.350703Z,1.0,0.0,1.0,2026-08-16T19:12:22.396052Z,2026-08-16T14:41:08Z,True
KXHIGHTSEA-26AUG15-B85.5,finalized,no,0.0,1.0,0.0,0.0,0.0,1.0,0.01,0.01,745.15,0.0,675.15,0.0,2026-08-28T18:54:29.515947+00:00,75.00,75.0,2026-08-16T19:12:22.350703Z,0.0,0.0,1.0,2026-08-16T19:12:22.396052Z,2026-08-16T14:41:08Z,True
KXHIGHTSEA-26AUG15-B83.5,finalized,no,0.0,1.0,0.0,0.0,0.0,1.0,0.01,0.01,1201.62,0.0,912.62,0.0,2026-08-28T18:54:29.515947+00:00,75.00,75.0,2026-08-16T19:12:22.350703Z,0.0,0.0,1.0,2026-08-16T19:12:22.396052Z,2026-08-16T14:41:08Z,True
KXHIGHTSEA-26AUG15-B81.5,finalized,no,0.0,1.0,0.0,0.0,0.0,1.0,0.01,0.01,1909.63,0.0,1374.85,0.0,2026-08-28T18:54:29.515947+00:00,75.00,75.0,2026-08-16T19:12:22.350703Z,0.0,0.0,1.0,2026-08-16T19:12:22.396052Z,2026-08-16T14:41:08Z,True
KXHIGHTSEA-26AUG15-B79.5,finalized,no,0.0,1.0,0.0,0.0,0.0,1.0,0.01,0.01,7592.4,0.0,4184.62,0.0,2026-08-28T18:54:29.515947+00:00,75.00,75.0,2026-08-16T19:12:22.350703Z,0.0,0.0,1.0,2026-08-16T19:12:22.396052Z,2026-08-16T14:41:08Z,True
KXHIGHTSEA-26AUG14-T84,finalized,no,0.0,1.0,0.0,0.0,0.0,1.0,0.01,0.01,1799.99,0.0,1348.1,0.0,2026-08-28T18:54:29.515947+00:00,78.00,78.0,2026-08-15T19:16:42.351521Z,0.0,0.0,1.0,2026-08-15T19:16:42.386698Z,2026-08-15T17:14:25Z,True
KXHIGHTSEA-26AUG14-T77,finalized,no,0.0,1.0,0.0,0.0,0.0,1.0,0.01,0.01,28467.89,0.0,20471.75,0.0,2026-08-28T18:54:29.515947+00:00,78.00,78.0,2026-08-15T19:16:42.351521Z,0.0,0.0,1.0,2026-08-15T19:16:42.386698Z,2026-08-15T17:14:25Z,True
KXHIGHTSEA-26AUG14-B83.5,finalized,no,0.0,1.0,0.0,0.0,0.0,1.0,0.01,0.01,5148.92,0.0,3826.72,0.0,2026-08-28T18:54:29.515947+00:00,78.00,78.0,2026-08-15T19:16:42.351521Z,0.0,0.0,1.0,2026-08-15T19:16:42.386698Z,2026-08-15T17:14:25Z,True
KXHIGHTSEA-26AUG14-B81.5,finalized,no,0.0,1.0,0.0,0.0,0.0,1.0,0.01,0.01,13106.65,0.0,6885.75,0.0,2026-08-28T18:54:29.515947+00:00,78.00,78.0,2026-08-15T19:16:42.351521Z,0.0,0.0,1.0,2026-08-15T19:16:42.386698Z,2026-08-15T17:14:25Z,True
KXHIGHTSEA-26AUG14-B79.5,finalized,no,0.0,1.0,0.0,0.0,0.0,1.0,0.01,0.01,37069.49,0.0,18946.71,0.0,2026-08-28T18:54:29.515947+00:00,78.00,78.0,2026-08-15T19:16:42.351521Z,0.0,0.0,1.0,2026-08-15T19:16:42.386698Z,2026-08-15T17:14:25Z,True
KXHIGHTSEA-26AUG14-B77.5,finalized,yes,0.0,1.0,0.0,0.0,0.0,1.0,0.99,0.99,42968.58,0.0,22219.0,0.0,2026-08-28T18:54:29.515947+00:00,78.00,78.0,2026-08-15T19:16:42.351521Z,1.0,0.0,1.0,2026-08-15T19:16:42.386698Z,2026-08-15T17:14:25Z,True
KXHIGHTSEA-26AUG13-T85,finalized,no,0.0,1.0,0.0,0.0,0.0,1.0,0.01,0.01,1847.35,0.0,1689.36,0.0,2026-08-28T18:54:29.515947+00:00,81.00,81.0,2026-08-14T11:11:54.402378Z,0.0,0.0,1.0,2026-08-14T11:11:54.447524Z,2026-08-14T14:00:00Z,True
KXHIGHTSEA-26AUG13-T78,finalized,no,0.0,1.0,0.0,0.0,0.0,1.0,0.01,0.01,9434.0,0.0,5535.72,0.0,2026-08-28T18:54:29.515947+00:00,81.00,81.0,2026-08-14T11:11:54.402378Z,0.0,0.0,1.0,2026-08-14T11:11:54.447524Z,2026-08-14T14:00:00Z,True
KXHIGHTSEA-26AUG13-B84.5,finalized,no,0.0,1.0,0.0,0.0,0.0,1.0,0.01,0.01,4732.92,0.0,2976.37,0.0,2026-08-28T18:54:29.515947+00:00,81.00,81.0,2026-08-14T11:11:54.402378Z,0.0,0.0,1.0,2026-08-14T11:11:54.447524Z,2026-08-14T14:00:00Z,True
KXHIGHTSEA-26AUG13-B82.5,finalized,no,0.0,1.0,0.0,0.0,0.0,1.0,0.01,0.01,25002.46,0.0,11325.61,0.0,2026-08-28T18:54:29.515947+00:00,81.00,81.0,2026-08-14T11:11:54.402378Z,0.0,0.0,1.0,2026-08-14T11:11:54.447524Z,2026-08-14T14:00:00Z,True
KXHIGHTSEA-26AUG13-B80.5,finalized,yes,0.0,1.0,0.0,0.0,0.0,1.0,0.99,0.99,29855.29,0.0,16530.77,0.0,2026-08-28T18:54:29.515947+00:00,81.00,81.0,2026-08-14T11:11:54.402378Z,1.0,0.0,1.0,2026-08-14T11:11:54.447524Z,2026-08-14T14:00:00Z,True
KXHIGHTSEA-26AUG13-B78.5,finalized,no,0.0,1.0,0.0,0.0,0.0,1.0,0.01,0.01,24530.77,0.0,13661.15,0.0,2026-08-28T18:54:29.515947+00:00,81.00,81.0,2026-08-14T11:11:54.402378Z,0.0,0.0,1.0,2026-08-14T11:11:54.447524Z,2026-08-14T14:00:00Z,True
KXHIGHTSEA-26AUG12-T79,finalized,no,0.0,1.0,0.0,0.0,0.0,1.0,0.01,0.01,21645.59,0.0,8488.78,0.0,2026-08-28T18:54:29.515947+00:00,79.00,79.0,2026-08-13T11:11:54.400561Z,0.0,0.0,0.01,2026-08-13T11:11:54.446984Z,2026-08-13T14:00:00Z,True
KXHIGHTSEA-26AUG12-T72,finalized,no,0.0,1.0,0.0,0.0,0.0,1.0,0.01,0.01,1514.7,0.0,1414.83,0.0,2026-08-28T18:54:29.515947+00:00,79.00,79.0,2026-08-13T11:11:54.400561Z,0.0,0.0,0.01,2026-08-13T11:11:54.446984Z,2026-08-13T14:00:00Z,True
KXHIGHTSEA-26AUG12-B78.5,finalized,yes,0.0,1.0,0.0,0.0,0.0,1.0,0.99,0.99,24399.08,0.0,9192.26,0.0,2026-08-28T18:54:29.515947+00:00,79.00,79.0,2026-08-13T11:11:54.400561Z,1.0,0.99,1.0,2026-08-13T11:11:54.446984Z,2026-08-13T14:00:00Z,True
KXHIGHTSEA-26AUG12-B76.5,finalized,no,0.0,1.0,0.0,0.0,0.0,1.0,0.01,0.01,11443.49,0.0,7395.3,0.0,2026-08-28T18:54:29.515947+00:00,79.00,79.0,2026-08-13T11:11:54.400561Z,0.0,0.0,0.01,2026-08-13T11:11:54.446984Z,2026-08-13T14:00:00Z,True
KXHIGHTSEA-26AUG12-B74.5,finalized,no,0.0,1.0,0.0,0.0,0.0,1.0,0.01,0.01,10270.34,0.0,6479.55,0.0,2026-08-28T18:54:29.515947+00:00,79.00,79.0,2026-08-13T11:11:54.400561Z,0.0,0.0,0.01,2026-08-13T11:11:54.446984Z,2026-08-13T14:00:00Z,True
KXHIGHTSEA-26AUG12-B72.5,finalized,no,0.0,1.0,0.0,0.0,0.0,1.0,0.01,0.01,3635.89,0.0,3000.27,0.0,2026-08-28T18:54:29.515947+00:00,79.00,79.0,2026-08-13T11:11:54.400561Z,0.0,0.0,0.01,2026-08-13T11:11:54.446984Z,2026-08-13T14:00:00Z,True
KXHIGHTSEA-26AUG11-T83,finalized,no,0.0,1.0,0.0,0.0,0.0,1.0,0.01,0.01,1703.88,0.0,1596.88,0.0,2026-08-28T18:54:29.515947+00:00,79.00,79.0,2026-08-12T11:06:39.070511Z,0.0,0.0,1.0,2026-08-12T11:06:39.081229Z,2026-08-12T14:00:00Z,True
KXHIGHTSEA-26AUG11-T76,finalized,no,0.0,1.0,0.0,0.0,0.0,1.0,0.01,0.01,9301.99,0.0,5213.12,0.0,2026-08-28T18:54:29.515947+00:00,79.00,79.0,2026-08-12T11:06:39.070511Z,0.0,0.0,1.0,2026-08-12T11:06:39.081229Z,2026-08-12T14:00:00Z,True
KXHIGHTSEA-26AUG11-B82.5,finalized,no,0.0,1.0,0.0,0.0,0.0,1.0,0.01,0.01,5383.25,0.0,3400.0,0.0,2026-08-28T18:54:29.515947+00:00,79.00,79.0,2026-08-12T11:06:39.070511Z,0.0,0.0,1.0,2026-08-12T11:06:39.081229Z,2026-08-12T14:00:00Z,True
KXHIGHTSEA-26AUG11-B80.5,finalized,no,0.0,1.0,0.0,0.0,0.0,1.0,0.01,0.01,16571.37,0.0,9704.6,0.0,2026-08-28T18:54:29.515947+00:00,79.00,79.0,2026-08-12T11:06:39.070511Z,0.0,0.0,1.0,2026-08-12T11:06:39.081229Z,2026-08-12T14:00:00Z,True
KXHIGHTSEA-26AUG11-B78.5,finalized,yes,0.0,1.0,0.0,0.0,0.0,1.0,0.99,0.99,14477.28,0.0,8927.81,0.0,2026-08-28T18:54:29.515947+00:00,79.00,79.0,2026-08-12T11:06:39.070511Z,1.0,0.0,1.0,2026-08-12T11:06:39.081229Z,2026-08-12T14:00:00Z,True
KXHIGHTSEA-26AUG11-B76.5,finalized,no,0.0,1.0,0.0,0.0,0.0,1.0,0.01,0.01,20833.71,0.0,12780.64,0.0,2026-08-28T18:54:29.515947+00:00,79.00,79.0,2026-08-12T11:06:39.070511Z,0.0,0.0,1.0,2026-08-12T11:06:39.081229Z,2026-08-12T14:00:00Z,True
KXHIGHTSEA-26AUG10-T83,finalized,no,0.0,1.0,0.0,0.0,0.0,1.0,0.01,0.01,873.0,0.0,843.0,0.0,2026-08-28T18:54:29.515947+00:00,74.00,74.0,2026-08-11T11:06:59.873362Z,0.0,0.0,1.0,2026-08-11T11:06:59.887473Z,2026-08-11T14:00:00Z,True
KXHIGHTSEA-26AUG10-T76,finalized,yes,0.0,1.0,0.0,0.0,0.0,1.0,0.99,0.99,30540.25,0.0,17321.77,0.0,2026-08-28T18:54:29.515947+00:00,74.00,74.0,2026-08-11T11:06:59.873362Z,1.0,0.0,1.0,2026-08-11T11:06:59.887473Z,2026-08-11T14:00:00Z,True
KXHIGHTSEA-26AUG10-B82.5,finalized,no,0.0,1.0,0.0,0.0,0.0,1.0,0.01,0.01,995.28,0.0,924.18,0.0,2026-08-28T18:54:29.515947+00:00,74.00,74.0,2026-08-11T11:06:59.873362Z,0.0,0.0,1.0,2026-08-11T11:06:59.887473Z,2026-08-11T14:00:00Z,True
KXHIGHTSEA-26AUG10-B80.5,finalized,no,0.0,1.0,0.0,0.0,0.0,1.0,0.01,0.01,3908.55,0.0,2415.07,0.0,2026-08-28T18:54:29.515947+00:00,74.00,74.0,2026-08-11T11:06:59.873362Z,0.0,0.0,1.0,2026-08-11T11:06:59.887473Z,2026-08-11T14:00:00Z,True
KXHIGHTSEA-26AUG10-B78.5,finalized,no,0.0,1.0,0.0,0.0,0.0,1.0,0.01,0.01,8783.39,0.0,3661.85,0.0,2026-08-28T18:54:29.515947+00:00,74.00,74.0,2026-08-11T11:06:59.873362Z,0.0,0.0,1.0,2026-08-11T11:06:59.887473Z,2026-08-11T14:00:00Z,True
KXHIGHTSEA-26AUG10-B76.5,finalized,no,0.0,1.0,0.0,0.0,0.0,1.0,0.01,0.01,23759.35,0.0,13058.39,0.0,2026-08-28T18:54:29.515947+00:00,74.00,74.0,2026-08-11T11:06:59.873362Z,0.0,0.0,1.0,2026-08-11T11:06:59.887473Z,2026-08-11T14:00:00Z,True
KXHIGHTSEA-26AUG09-T83,finalized,no,0.0,1.0,0.0,0.0,0.0,1.0,0.01,0.01,964.87,0.0,964.77,0.0,2026-08-28T18:54:29.515947+00:00,77.00,77.0,2026-08-10T11:06:25.479577Z,0.0,0.0,1.0,2026-08-10T11:06:25.52653Z,2026-08-10T14:00:00Z,True
KXHIGHTSEA-26AUG09-T76,finalized,no,0.0,1.0,0.0,0.0,0.0,1.0,0.01,0.01,7124.44,0.0,4960.99,0.0,2026-08-28T18:54:29.515947+00:00,77.00,77.0,2026-08-10T11:06:25.479577Z,0.0,0.0,1.0,2026-08-10T11:06:25.52653Z,2026-08-10T14:00:00Z,True
KXHIGHTSEA-26AUG09-B82.5,finalized,no,0.0,1.0,0.0,0.0,0.0,1.0,0.01,0.01,2239.12,0.0,1617.03,0.0,2026-08-28T18:54:29.515947+00:00,77.00,77.0,2026-08-10T11:06:25.479577Z,0.0,0.0,1.0,2026-08-10T11:06:25.52653Z,2026-08-10T14:00:00Z,True
KXHIGHTSEA-26AUG09-B80.5,finalized,no,0.0,1.0,0.0,0.0,0.0,1.0,0.01,0.01,10006.48,0.0,3442.82,0.0,2026-08-28T18:54:29.515947+00:00,77.00,77.0,2026-08-10T11:06:25.479577Z,0.0,0.0,1.0,2026-08-10T11:06:25.52653Z,2026-08-10T14:00:00Z,True
KXHIGHTSEA-26AUG09-B78.5,finalized,no,0.0,1.0,0.0,0.0,0.0,1.0,0.01,0.01,25812.74,0.0,13803.3,0.0,2026-08-28T18:54:29.515947+00:00,77.00,77.0,2026-08-10T11:06:25.479577Z,0.0,0.0,1.0,2026-08-10T11:06:25.52653Z,2026-08-10T14:00:00Z,True
KXHIGHTSEA-26AUG09-B76.5,finalized,yes,0.0,1.0,0.0,0.0,0.0,1.0,0.99,0.99,37923.7,0.0,13213.64,0.0,2026-08-28T18:54:29.515947+00:00,77.00,77.0,2026-08-10T11:06:25.479577Z,1.0,0.0,1.0,2026-08-10T11:06:25.52653Z,2026-08-10T14:00:00Z,True
KXHIGHTSEA-26AUG08-T86,finalized,no,0.0,1.0,0.0,0.0,0.0,1.0,0.01,0.01,857.92,0.0,769.02,0.0,2026-08-28T18:54:29.515947+00:00,83.00,83.0,2026-08-09T11:06:45.525168Z,0.0,0.0,1.0,2026-08-09T11:06:45.530577Z,2026-08-09T14:00:00Z,True
KXHIGHTSEA-26AUG08-T79,finalized,no,0.0,1.0,0.0,0.0,0.0,1.0,0.01,0.01,3651.5,0.0,2176.53,0.0,2026-08-28T18:54:29.515947+00:00,83.00,83.0,2026-08-09T11:06:45.525168Z,0.0,0.0,1.0,2026-08-09T11:06:45.530577Z,2026-08-09T14:00:00Z,True
KXHIGHTSEA-26AUG08-B85.5,finalized,no,0.0,1.0,0.0,0.0,0.0,1.0,0.01,0.01,8121.86,0.0,4904.52,0.0,2026-08-28T18:54:29.515947+00:00,83.00,83.0,2026-08-09T11:06:45.525168Z,0.0,0.0,1.0,2026-08-09T11:06:45.530577Z,2026-08-09T14:00:00Z,True
KXHIGHTSEA-26AUG08-B83.5,finalized,yes,0.0,1.0,0.0,0.0,0.0,1.0,0.99,0.99,20730.08,0.0,9093.64,0.0,2026-08-28T18:54:29.515947+00:00,83.00,83.0,2026-08-09T11:06:45.525168Z,1.0,0.0,1.0,2026-08-09T11:06:45.530577Z,2026-08-09T14:00:00Z,True
KXHIGHTSEA-26AUG08-B81.5,finalized,no,0.0,1.0,0.0,0.0,0.0,1.0,0.01,0.01,20271.78,0.0,9075.56,0.0,2026-08-28T18:54:29.515947+00:00,83.00,83.0,2026-08-09T11:06:45.525168Z,0.0,0.0,1.0,2026-08-09T11:06:45.530577Z,2026-08-09T14:00:00Z,True
KXHIGHTSEA-26AUG08-B79.5,finalized,no,0.0,1.0,0.0,0.0,0.0,1.0,0.01,0.01,15312.84,0.0,8859.03,0.0,2026-08-28T18:54:29.515947+00:00,83.00,83.0,2026-08-09T11:06:45.525168Z,0.0,0.0,1.0,2026-08-09T11:06:45.530577Z,2026-08-09T14:00:00Z,True
KXHIGHTSEA-26AUG07-T92,finalized,no,0.0,1.0,0.0,0.0,0.0,1.0,0.01,0.01,671.0,0.0,657.0,0.0,2026-08-28T18:54:29.515947+00:00,86.00,86.0,2026-08-08T11:06:35.546425Z,0.0,0.0,1.0,2026-08-08T11:06:35.57236Z,2026-08-08T14:00:00Z,True
KXHIGHTSEA-26AUG07-T85,finalized,no,0.0,1.0,0.0,0.0,0.0,1.0,0.01,0.01,19324.57,0.0,11151.14,0.0,2026-08-28T18:54:29.515947+00:00,86.00,86.0,2026-08-08T11:06:35.546425Z,0.0,0.0,1.0,2026-08-08T11:06:35.57236Z,2026-08-08T14:00:00Z,True
KXHIGHTSEA-26AUG07-B91.5,finalized,no,0.0,1.0,0.0,0.0,0.0,1.0,0.01,0.01,881.62,0.0,679.62,0.0,2026-08-28T18:54:29.515947+00:00,86.00,86.0,2026-08-08T11:06:35.546425Z,0.0,0.0,1.0,2026-08-08T11:06:35.57236Z,2026-08-08T14:00:00Z,True
KXHIGHTSEA-26AUG07-B89.5,finalized,no,0.0,1.0,0.0,0.0,0.0,1.0,0.01,0.01,4259.17,0.0,2270.64,0.0,2026-08-28T18:54:29.515947+00:00,86.00,86.0,2026-08-08T11:06:35.546425Z,0.0,0.0,1.0,2026-08-08T11:06:35.57236Z,2026-08-08T14:00:00Z,True
KXHIGHTSEA-26AUG07-B87.5,finalized,no,0.0,1.0,0.0,0.0,0.0,1.0,0.01,0.01,10260.41,0.0,6355.71,0.0,2026-08-28T18:54:29.515947+00:00,86.00,86.0,2026-08-08T11:06:35.546425Z,0.0,0.0,1.0,2026-08-08T11:06:35.57236Z,2026-08-08T14:00:00Z,True
KXHIGHTSEA-26AUG07-B85.5,finalized,yes,0.0,1.0,0.0,0.0,0.0,1.0,0.99,0.99,22063.63,0.0,11414.57,0.0,2026-08-28T18:54:29.515947+00:00,86.00,86.0,2026-08-08T11:06:35.546425Z,1.0,0.0,1.0,2026-08-08T11:06:35.57236Z,2026-08-08T14:00:00Z,True
KXHIGHTSEA-26AUG06-T94,finalized,no,0.0,1.0,0.0,0.0,0.0,1.0,0.01,0.01,594.86,0.0,594.86,0.0,2026-08-28T18:54:29.515947+00:00,88.00,88.0,2026-08-07T11:06:35.470138Z,0.0,0.0,1.0,2026-08-07T11:06:35.513342Z,2026-08-07T14:00:00Z,True
KXHIGHTSEA-26AUG06-T87,finalized,no,0.0,1.0,0.0,0.0,0.0,1.0,0.01,0.01,46287.26,0.0,31337.93,0.0,2026-08-28T18:54:29.515947+00:00,88.00,88.0,2026-08-07T11:06:35.470138Z,0.0,0.0,1.0,2026-08-07T11:06:35.513342Z,2026-08-07T14:00:00Z,True
KXHIGHTSEA-26AUG06-B93.5,finalized,no,0.0,1.0,0.0,0.0,0.0,1.0,0.01,0.01,713.41,0.0,639.03,0.0,2026-08-28T18:54:29.515947+00:00,88.00,88.0,2026-08-07T11:06:35.470138Z,0.0,0.0,1.0,2026-08-07T11:06:35.513342Z,2026-08-07T14:00:00Z,True
KXHIGHTSEA-26AUG06-B91.5,finalized,no,0.0,1.0,0.0,0.0,0.0,1.0,0.01,0.01,4185.32,0.0,2764.2,0.0,2026-08-28T18:54:29.515947+00:00,88.00,88.0,2026-08-07T11:06:35.470138Z,0.0,0.0,1.0,2026-08-07T11:06:35.513342Z,2026-08-07T14:00:00Z,True
KXHIGHTSEA-26AUG06-B89.5,finalized,no,0.0,1.0,0.0,0.0,0.0,1.0,0.01,0.01,14134.63,0.0,9150.58,0.0,2026-08-28T18:54:29.515947+00:00,88.00,88.0,2026-08-07T11:06:35.470138Z,0.0,0.0,1.0,2026-08-07T11:06:35.513342Z,2026-08-07T14:00:00Z,True
KXHIGHTSEA-26AUG06-B87.5,finalized,yes,0.0,1.0,0.0,0.0,0.0,1.0,0.99,0.99,23396.49,0.0,11087.05,0.0,2026-08-28T18:54:29.515947+00:00,88.00,88.0,2026-08-07T11:06:35.470138Z,1.0,0.0,1.0,2026-08-07T11:06:35.513342Z,2026-08-07T14:00:00Z,True
KXHIGHTSEA-26AUG05-T95,finalized,no,0.0,1.0,0.0,0.0,0.0,1.0,0.01,0.01,546.55,0.0,545.55,0.0,2026-08-28T18:54:29.515947+00:00,87.00,87.0,2026-08-06T11:06:31.767493Z,0.0,0.0,0.01,2026-08-06T11:06:31.814824Z,2026-08-06T14:00:00Z,True
KXHIGHTSEA-26AUG05-T88,finalized,yes,0.0,1.0,0.0,0.0,0.0,1.0,0.99,0.99,46005.56,0.0,30619.37,0.0,2026-08-28T18:54:29.515947+00:00,87.00,87.0,2026-08-06T11:06:31.767493Z,1.0,0.99,1.0,2026-08-06T11:06:31.814824Z,2026-08-06T14:00:00Z,True
KXHIGHTSEA-26AUG05-B94.5,finalized,no,0.0,1.0,0.0,0.0,0.0,1.0,0.01,0.01,692.14,0.0,610.49,0.0,2026-08-28T18:54:29.515947+00:00,87.00,87.0,2026-08-06T11:06:31.767493Z,0.0,0.0,0.01,2026-08-06T11:06:31.814824Z,2026-08-06T14:00:00Z,True
KXHIGHTSEA-26AUG05-B92.5,finalized,no,0.0,1.0,0.0,0.0,0.0,1.0,0.01,0.01,2539.49,0.0,1762.28,0.0,2026-08-28T18:54:29.515947+00:00,87.00,87.0,2026-08-06T11:06:31.767493Z,0.0,0.0,0.01,2026-08-06T11:06:31.814824Z,2026-08-06T14:00:00Z,True
KXHIGHTSEA-26AUG05-B90.5,finalized,no,0.0,1.0,0.0,0.0,0.0,1.0,0.01,0.01,4957.02,0.0,2647.12,0.0,2026-08-28T18:54:29.515947+00:00,87.00,87.0,2026-08-06T11:06:31.767493Z,0.0,0.0,0.01,2026-08-06T11:06:31.814824Z,2026-08-06T14:00:00Z,True
KXHIGHTSEA-26AUG05-B88.5,finalized,no,0.0,1.0,0.0,0.0,0.0,1.0,0.01,0.01,36351.91,0.0,27079.76,0.0,2026-08-28T18:54:29.515947+00:00,87.00,87.0,2026-08-06T11:06:31.767493Z,0.0,0.0,0.01,2026-08-06T11:06:31.814824Z,2026-08-06T14:00:00Z,True
KXHIGHTSEA-26AUG04-T91,finalized,no,0.0,1.0,0.0,0.0,0.0,1.0,0.01,0.01,596.68,0.0,558.24,0.0,2026-08-28T18:54:29.515947+00:00,81.00,81.0,2026-08-05T11:06:30.933358Z,0.0,0.0,1.0,2026-08-05T11:06:30.943037Z,2026-08-05T14:00:00Z,True
KXHIGHTSEA-26AUG04-T84,finalized,yes,0.0,1.0,0.0,0.0,0.0,1.0,0.99,0.99,21352.62,0.0,11158.79,0.0,2026-08-28T18:54:29.515947+00:00,81.00,81.0,2026-08-05T11:06:30.933358Z,1.0,0.0,1.0,2026-08-05T11:06:30.943037Z,2026-08-05T14:00:00Z,True
KXHIGHTSEA-26AUG04-B90.5,finalized,no,0.0,1.0,0.0,0.0,0.0,1.0,0.01,0.01,1372.22,0.0,945.29,0.0,2026-08-28T18:54:29.515947+00:00,81.00,81.0,2026-08-05T11:06:30.933358Z,0.0,0.0,1.0,2026-08-05T11:06:30.943037Z,2026-08-05T14:00:00Z,True
KXHIGHTSEA-26AUG04-B88.5,finalized,no,0.0,1.0,0.0,0.0,0.0,1.0,0.01,0.01,3332.63,0.0,2042.93,0.0,2026-08-28T18:54:29.515947+00:00,81.00,81.0,2026-08-05T11:06:30.933358Z,0.0,0.0,1.0,2026-08-05T11:06:30.943037Z,2026-08-05T14:00:00Z,True
KXHIGHTSEA-26AUG04-B86.5,finalized,no,0.0,1.0,0.0,0.0,0.0,1.0,0.01,0.01,6598.94,0.0,4448.97,0.0,2026-08-28T18:54:29.515947+00:00,81.00,81.0,2026-08-05T11:06:30.933358Z,0.0,0.0,1.0,2026-08-05T11:06:30.943037Z,2026-08-05T14:00:00Z,True
KXHIGHTSEA-26AUG04-B84.5,finalized,no,0.0,1.0,0.0,0.0,0.0,1.0,0.01,0.01,16581.39,0.0,8339.8,0.0,2026-08-28T18:54:29.515947+00:00,81.00,81.0,2026-08-05T11:06:30.933358Z,0.0,0.0,1.0,2026-08-05T11:06:30.943037Z,2026-08-05T14:00:00Z,True
KXHIGHTSEA-26AUG03-T82,finalized,no,0.0,1.0,0.0,0.0,0.0,1.0,0.01,0.01,1182.58,0.0,1082.15,0.0,2026-08-28T18:54:29.515947+00:00,76.00,76.0,2026-08-04T11:06:30.935311Z,0.0,0.0,1.0,2026-08-04T11:06:30.989717Z,2026-08-04T14:00:00Z,True
KXHIGHTSEA-26AUG03-T75,finalized,no,0.0,1.0,0.0,0.0,0.0,1.0,0.01,0.01,21359.93,0.0,12191.93,0.0,2026-08-28T18:54:29.515947+00:00,76.00,76.0,2026-08-04T11:06:30.935311Z,0.0,0.0,1.0,2026-08-04T11:06:30.989717Z,2026-08-04T14:00:00Z,True
KXHIGHTSEA-26AUG03-B81.5,finalized,no,0.0,1.0,0.0,0.0,0.0,1.0,0.01,0.01,6159.07,0.0,5430.97,0.0,2026-08-28T18:54:29.515947+00:00,76.00,76.0,2026-08-04T11:06:30.935311Z,0.0,0.0,1.0,2026-08-04T11:06:30.989717Z,2026-08-04T14:00:00Z,True
KXHIGHTSEA-26AUG03-B79.5,finalized,no,0.0,1.0,0.0,0.0,0.0,1.0,0.01,0.01,10251.29,0.0,5722.24,0.0,2026-08-28T18:54:29.515947+00:00,76.00,76.0,2026-08-04T11:06:30.935311Z,0.0,0.0,1.0,2026-08-04T11:06:30.989717Z,2026-08-04T14:00:00Z,True
KXHIGHTSEA-26AUG03-B77.5,finalized,no,0.0,1.0,0.0,0.0,0.0,1.0,0.01,0.01,20654.32,0.0,11715.4,0.0,2026-08-28T18:54:29.515947+00:00,76.00,76.0,2026-08-04T11:06:30.935311Z,0.0,0.0,1.0,2026-08-04T11:06:30.989717Z,2026-08-04T14:00:00Z,True
KXHIGHTSEA-26AUG03-B75.5,finalized,yes,0.0,1.0,0.0,0.0,0.0,1.0,0.99,0.99,26719.53,0.0,10802.6,0.0,2026-08-28T18:54:29.515947+00:00,76.00,76.0,2026-08-04T11:06:30.935311Z,1.0,0.0,1.0,2026-08-04T11:06:30.989717Z,2026-08-04T14:00:00Z,True
KXHIGHTSEA-26AUG02-T75,finalized,no,0.0,1.0,0.0,0.0,0.0,1.0,0.01,0.01,846.31,0.0,829.68,0.0,2026-08-28T18:54:29.515947+00:00,71.00,71.0,2026-08-03T11:06:30.947381Z,0.0,0.0,1.0,2026-08-03T11:06:30.992851Z,2026-08-03T14:00:00Z,True
KXHIGHTSEA-26AUG02-T68,finalized,no,0.0,1.0,0.0,0.0,0.0,1.0,0.01,0.01,4329.29,0.0,3498.78,0.0,2026-08-28T18:54:29.515947+00:00,71.00,71.0,2026-08-03T11:06:30.947381Z,0.0,0.0,1.0,2026-08-03T11:06:30.992851Z,2026-08-03T14:00:00Z,True
KXHIGHTSEA-26AUG02-B74.5,finalized,no,0.0,1.0,0.0,0.0,0.0,1.0,0.01,0.01,3314.43,0.0,2196.03,0.0,2026-08-28T18:54:29.515947+00:00,71.00,71.0,2026-08-03T11:06:30.947381Z,0.0,0.0,1.0,2026-08-03T11:06:30.992851Z,2026-08-03T14:00:00Z,True
KXHIGHTSEA-26AUG02-B72.5,finalized,no,0.0,1.0,0.0,0.0,0.0,1.0,0.01,0.01,25025.18,0.0,16872.91,0.0,2026-08-28T18:54:29.515947+00:00,71.00,71.0,2026-08-03T11:06:30.947381Z,0.0,0.0,1.0,2026-08-03T11:06:30.992851Z,2026-08-03T14:00:00Z,True
KXHIGHTSEA-26AUG02-B70.5,finalized,yes,0.0,1.0,0.0,0.0,0.0,1.0,0.99,0.99,22157.59,0.0,10853.09,0.0,2026-08-28T18:54:29.515947+00:00,71.00,71.0,2026-08-03T11:06:30.947381Z,1.0,0.0,1.0,2026-08-03T11:06:30.992851Z,2026-08-03T14:00:00Z,True
KXHIGHTSEA-26AUG02-B68.5,finalized,no,0.0,1.0,0.0,0.0,0.0,1.0,0.01,0.01,22526.39,0.0,13658.06,0.0,2026-08-28T18:54:29.515947+00:00,71.00,71.0,2026-08-03T11:06:30.947381Z,0.0,0.0,1.0,2026-08-03T11:06:30.992851Z,2026-08-03T14:00:00Z,True
KXHIGHTSEA-26AUG01-T75,finalized,no,0.0,1.0,0.0,0.0,0.0,1.0,0.01,0.01,4802.72,0.0,2883.4,0.0,2026-08-28T18:54:29.515947+00:00,72.00,72.0,2026-08-02T11:06:30.934536Z,0.0,0.0,1.0,2026-08-02T11:06:30.952751Z,2026-08-02T14:00:00Z,True
KXHIGHTSEA-26AUG01-T68,finalized,no,0.0,1.0,0.0,0.0,0.0,1.0,0.01,0.01,3652.46,0.0,2980.07,0.0,2026-08-28T18:54:29.515947+00:00,72.00,72.0,2026-08-02T11:06:30.934536Z,0.0,0.0,1.0,2026-08-02T11:06:30.952751Z,2026-08-02T14:00:00Z,True
KXHIGHTSEA-26AUG01-B74.5,finalized,no,0.0,1.0,0.0,0.0,0.0,1.0,0.01,0.01,12775.01,0.0,6421.19,0.0,2026-08-28T18:54:29.515947+00:00,72.00,72.0,2026-08-02T11:06:30.934536Z,0.0,0.0,1.0,2026-08-02T11:06:30.952751Z,2026-08-02T14:00:00Z,True
KXHIGHTSEA-26AUG01-B72.5,finalized,yes,0.0,1.0,0.0,0.0,0.0,1.0,0.99,0.99,16679.26,0.0,7780.12,0.0,2026-08-28T18:54:29.515947+00:00,72.00,72.0,2026-08-02T11:06:30.934536Z,1.0,0.0,1.0,2026-08-02T11:06:30.952751Z,2026-08-02T14:00:00Z,True
KXHIGHTSEA-26AUG01-B70.5,finalized,no,0.0,1.0,0.0,0.0,0.0,1.0,0.01,0.01,20640.22,0.0,9666.52,0.0,2026-08-28T18:54:29.515947+00:00,72.00,72.0,2026-08-02T11:06:30.934536Z,0.0,0.0,1.0,2026-08-02T11:06:30.952751Z,2026-08-02T14:00:00Z,True
KXHIGHTSEA-26AUG01-B68.5,finalized,no,0.0,1.0,0.0,0.0,0.0,1.0,0.01,0.01,5196.41,0.0,3679.74,0.0,2026-08-28T18:54:29.515947+00:00,72.00,72.0,2026-08-02T11:06:30.934536Z,0.0,0.0,1.0,2026-08-02T11:06:30.952751Z,2026-08-02T14:00:00Z,True
KXHIGHTSEA-26JUL31-T88,finalized,no,0.0,1.0,0.0,0.0,0.0,1.0,0.01,0.01,1774.37,0.0,1290.63,0.0,2026-08-28T18:54:29.515947+00:00,84.00,84.0,2026-08-01T11:06:20.942056Z,0.0,0.0,1.0,2026-08-01T11:06:20.97851Z,2026-08-01T14:00:00Z,True
KXHIGHTSEA-26JUL31-T81,finalized,no,0.0,1.0,0.0,0.0,0.0,1.0,0.01,0.01,11644.52,0.0,7152.3,0.0,2026-08-28T18:54:29.515947+00:00,84.00,84.0,2026-08-01T11:06:20.942056Z,0.0,0.0,1.0,2026-08-01T11:06:20.97851Z,2026-08-01T14:00:00Z,True
KXHIGHTSEA-26JUL31-B87.5,finalized,no,0.0,1.0,0.0,0.0,0.0,1.0,0.01,0.01,4609.06,0.0,3336.78,0.0,2026-08-28T18:54:29.515947+00:00,84.00,84.0,2026-08-01T11:06:20.942056Z,0.0,0.0,1.0,2026-08-01T11:06:20.97851Z,2026-08-01T14:00:00Z,True
KXHIGHTSEA-26JUL31-B85.5,finalized,no,0.0,1.0,0.0,0.0,0.0,1.0,0.01,0.01,25238.7,0.0,12518.73,0.0,2026-08-28T18:54:29.515947+00:00,84.00,84.0,2026-08-01T11:06:20.942056Z,0.0,0.0,1.0,2026-08-01T11:06:20.97851Z,2026-08-01T14:00:00Z,True
KXHIGHTSEA-26JUL31-B83.5,finalized,yes,0.0,1.0,0.0,0.0,0.0,1.0,0.99,0.99,25376.81,0.0,13084.94,0.0,2026-08-28T18:54:29.515947+00:00,84.00,84.0,2026-08-01T11:06:20.942056Z,1.0,0.0,1.0,2026-08-01T11:06:20.97851Z,2026-08-01T14:00:00Z,True
KXHIGHTSEA-26JUL31-B81.5,finalized,no,0.0,1.0,0.0,0.0,0.0,1.0,0.01,0.01,31772.54,0.0,17173.45,0.0,2026-08-28T18:54:29.515947+00:00,84.00,84.0,2026-08-01T11:06:20.942056Z,0.0,0.0,1.0,2026-08-01T11:06:20.97851Z,2026-08-01T14:00:00Z,True
KXHIGHTSEA-26JUL30-T82,finalized,no,0.0,1.0,0.0,0.0,0.0,1.0,0.01,0.01,1749.75,0.0,1630.13,0.0,2026-08-28T18:54:29.515947+00:00,79.00,79.0,2026-07-31T11:06:20.961995Z,0.0,0.0,1.0,2026-07-31T11:06:20.980043Z,2026-07-31T14:00:00Z,True
KXHIGHTSEA-26JUL30-T75,finalized,no,0.0,1.0,0.0,0.0,0.0,1.0,0.01,0.01,10079.47,0.0,7064.04,0.0,2026-08-28T18:54:29.515947+00:00,79.00,79.0,2026-07-31T11:06:20.961995Z,0.0,0.0,1.0,2026-07-31T11:06:20.980043Z,2026-07-31T14:00:00Z,True
KXHIGHTSEA-26JUL30-B81.5,finalized,no,0.0,1.0,0.0,0.0,0.0,1.0,0.01,0.01,7393.41,0.0,5101.89,0.0,2026-08-28T18:54:29.515947+00:00,79.00,79.0,2026-07-31T11:06:20.961995Z,0.0,0.0,1.0,2026-07-31T11:06:20.980043Z,2026-07-31T14:00:00Z,True
KXHIGHTSEA-26JUL30-B79.5,finalized,yes,0.0,1.0,0.0,0.0,0.0,1.0,0.99,0.99,33238.36,0.0,13200.85,0.0,2026-08-28T18:54:29.515947+00:00,79.00,79.0,2026-07-31T11:06:20.961995Z,1.0,0.0,1.0,2026-07-31T11:06:20.980043Z,2026-07-31T14:00:00Z,True
KXHIGHTSEA-26JUL30-B77.5,finalized,no,0.0,1.0,0.0,0.0,0.0,1.0,0.01,0.01,45675.98,0.0,23788.51,0.0,2026-08-28T18:54:29.515947+00:00,79.00,79.0,2026-07-31T11:06:20.961995Z,0.0,0.0,1.0,2026-07-31T11:06:20.980043Z,2026-07-31T14:00:00Z,True
KXHIGHTSEA-26JUL30-B75.5,finalized,no,0.0,1.0,0.0,0.0,0.0,1.0,0.01,0.01,46137.36,0.0,34065.84,0.0,2026-08-28T18:54:29.515947+00:00,79.00,79.0,2026-07-31T11:06:20.961995Z,0.0,0.0,1.0,2026-07-31T11:06:20.980043Z,2026-07-31T14:00:00Z,True
KXHIGHTSEA-26JUL29-T81,finalized,no,0.0,1.0,0.0,0.0,0.0,1.0,0.01,0.01,986.74,0.0,965.74,0.0,2026-08-28T18:54:29.515947+00:00,75.00,75.0,2026-07-30T11:14:31.233299Z,0.0,0.0,0.01,2026-07-30T11:14:31.670451Z,2026-07-30T14:00:00Z,True
KXHIGHTSEA-26JUL29-T74,finalized,no,0.0,1.0,0.0,0.0,0.0,1.0,0.01,0.01,23894.71,0.0,21423.59,0.0,2026-08-28T18:54:29.515947+00:00,75.00,75.0,2026-07-30T11:14:31.233299Z,0.0,0.0,0.01,2026-07-30T11:14:31.670451Z,2026-07-30T14:00:00Z,True
KXHIGHTSEA-26JUL29-B80.5,finalized,no,0.0,1.0,0.0,0.0,0.0,1.0,0.01,0.01,2813.65,0.0,2409.1,0.0,2026-08-28T18:54:29.515947+00:00,75.00,75.0,2026-07-30T11:14:31.233299Z,0.0,0.0,0.01,2026-07-30T11:14:31.670451Z,2026-07-30T14:00:00Z,True
KXHIGHTSEA-26JUL29-B78.5,finalized,no,0.0,1.0,0.0,0.0,0.0,1.0,0.01,0.01,11032.15,0.0,6326.37,0.0,2026-08-28T18:54:29.515947+00:00,75.00,75.0,2026-07-30T11:14:31.233299Z,0.0,0.0,0.01,2026-07-30T11:14:31.670451Z,2026-07-30T14:00:00Z,True
KXHIGHTSEA-26JUL29-B76.5,finalized,no,0.0,1.0,0.0,0.0,0.0,1.0,0.01,0.01,18598.08,0.0,7928.67,0.0,2026-08-28T18:54:29.515947+00:00,75.00,75.0,2026-07-30T11:14:31.233299Z,0.0,0.0,0.01,2026-07-30T11:14:31.670451Z,2026-07-30T14:00:00Z,True
KXHIGHTSEA-26JUL29-B74.5,finalized,yes,0.0,1.0,0.0,0.0,0.0,1.0,0.99,0.99,50070.93,0.0,15634.71,0.0,2026-08-28T18:54:29.515947+00:00,75.00,75.0,2026-07-30T11:14:31.233299Z,1.0,0.99,1.0,2026-07-30T11:14:31.670451Z,2026-07-30T14:00:00Z,True
KXHIGHTSEA-26JUL28-T79,finalized,no,0.0,1.0,0.0,0.0,0.0,1.0,0.01,0.01,5985.32,0.0,5892.32,0.0,2026-08-28T18:54:29.515947+00:00,73.00,73.0,2026-07-30T15:23:50.935226Z,0.0,0.0,1.0,2026-08-02T20:48:18.94684Z,2026-07-30T14:00:00Z,True
KXHIGHTSEA-26JUL28-T72,finalized,no,0.0,1.0,0.0,0.0,0.0,1.0,0.01,0.01,5118.77,0.0,3554.5,0.0,2026-08-28T18:54:29.515947+00:00,73.00,73.0,2026-07-30T15:23:50.935226Z,0.0,0.0,1.0,2026-08-02T20:48:18.463764Z,2026-07-30T14:00:00Z,True
KXHIGHTSEA-26JUL28-B78.5,finalized,no,0.0,1.0,0.0,0.0,0.0,1.0,0.01,0.01,5573.99,0.0,4517.82,0.0,2026-08-28T18:54:29.515947+00:00,73.00,73.0,2026-07-30T15:23:50.935226Z,0.0,0.0,1.0,2026-08-02T20:48:18.809863Z,2026-07-30T14:00:00Z,True
KXHIGHTSEA-26JUL28-B76.5,finalized,no,0.0,1.0,0.0,0.0,0.0,1.0,0.01,0.01,8112.29,0.0,5143.22,0.0,2026-08-28T18:54:29.515947+00:00,73.00,73.0,2026-07-30T15:23:50.935226Z,0.0,0.0,1.0,2026-08-02T20:48:18.724405Z,2026-07-30T14:00:00Z,True
KXHIGHTSEA-26JUL28-B74.5,finalized,no,0.0,1.0,0.0,0.0,0.0,1.0,0.01,0.01,20367.09,0.0,8890.23,0.0,2026-08-28T18:54:29.515947+00:00,73.00,73.0,2026-07-30T15:23:50.935226Z,0.0,0.0,1.0,2026-08-02T20:48:18.636999Z,2026-07-30T14:00:00Z,True
KXHIGHTSEA-26JUL28-B72.5,finalized,yes,0.0,1.0,0.0,0.0,0.0,1.0,0.99,0.99,40947.5,0.0,12884.98,0.0,2026-08-28T18:54:29.515947+00:00,73.00,73.0,2026-07-30T15:23:50.935226Z,1.0,0.0,1.0,2026-08-02T20:48:18.54977Z,2026-07-30T14:00:00Z,True
KXHIGHTSEA-26JUL27-T83,finalized,no,0.0,1.0,0.0,0.0,0.0,1.0,0.01,0.01,702.4,0.0,689.54,0.0,2026-08-28T18:54:29.515947+00:00,79.00,79.0,2026-07-28T11:06:16.020717Z,0.0,0.0,1.0,2026-07-28T11:06:16.072617Z,2026-07-28T14:00:00Z,True
KXHIGHTSEA-26JUL27-T76,finalized,no,0.0,1.0,0.0,0.0,0.0,1.0,0.01,0.01,8220.64,0.0,4395.59,0.0,2026-08-28T18:54:29.515947+00:00,79.00,79.0,2026-07-28T11:06:16.020717Z,0.0,0.0,1.0,2026-07-28T11:06:16.072617Z,2026-07-28T14:00:00Z,True
KXHIGHTSEA-26JUL27-B82.5,finalized,no,0.0,1.0,0.0,0.0,0.0,1.0,0.01,0.01,4020.06,0.0,3679.49,0.0,2026-08-28T18:54:29.515947+00:00,79.00,79.0,2026-07-28T11:06:16.020717Z,0.0,0.0,1.0,2026-07-28T11:06:16.072617Z,2026-07-28T14:00:00Z,True
KXHIGHTSEA-26JUL27-B80.5,finalized,no,0.0,1.0,0.0,0.0,0.0,1.0,0.01,0.01,12240.31,0.0,5855.02,0.0,2026-08-28T18:54:29.515947+00:00,79.00,79.0,2026-07-28T11:06:16.020717Z,0.0,0.0,1.0,2026-07-28T11:06:16.072617Z,2026-07-28T14:00:00Z,True
KXHIGHTSEA-26JUL27-B78.5,finalized,yes,0.0,1.0,0.0,0.0,0.0,1.0,0.99,0.99,17861.32,0.0,9804.85,0.0,2026-08-28T18:54:29.515947+00:00,79.00,79.0,2026-07-28T11:06:16.020717Z,1.0,0.0,1.0,2026-07-28T11:06:16.072617Z,2026-07-28T14:00:00Z,True
KXHIGHTSEA-26JUL27-B76.5,finalized,no,0.0,1.0,0.0,0.0,0.0,1.0,0.01,0.01,12470.02,0.0,7868.88,0.0,2026-08-28T18:54:29.515947+00:00,79.00,79.0,2026-07-28T11:06:16.020717Z,0.0,0.0,1.0,2026-07-28T11:06:16.072617Z,2026-07-28T14:00:00Z,True
KXHIGHTSEA-26JUL26-T77,finalized,no,0.0,1.0,0.0,0.0,0.0,1.0,0.01,0.01,4100.77,0.0,4080.74,0.0,2026-08-28T18:54:29.515947+00:00,74.00,74.0,2026-07-27T11:06:16.057155Z,0.0,0.0,1.0,2026-07-27T11:06:16.09044Z,2026-07-27T14:00:00Z,True
KXHIGHTSEA-26JUL26-T70,finalized,no,0.0,1.0,0.0,0.0,0.0,1.0,0.01,0.01,12884.77,0.0,7670.13,0.0,2026-08-28T18:54:29.515947+00:00,74.00,74.0,2026-07-27T11:06:16.057155Z,0.0,0.0,1.0,2026-07-27T11:06:16.09044Z,2026-07-27T14:00:00Z,True
KXHIGHTSEA-26JUL26-B76.5,finalized,no,0.0,1.0,0.0,0.0,0.0,1.0,0.01,0.01,8994.09,0.0,5329.97,0.0,2026-08-28T18:54:29.515947+00:00,74.00,74.0,2026-07-27T11:06:16.057155Z,0.0,0.0,1.0,2026-07-27T11:06:16.09044Z,2026-07-27T14:00:00Z,True
KXHIGHTSEA-26JUL26-B74.5,finalized,yes,0.0,1.0,0.0,0.0,0.0,1.0,0.99,0.99,22293.42,0.0,8379.55,0.0,2026-08-28T18:54:29.515947+00:00,74.00,74.0,2026-07-27T11:06:16.057155Z,1.0,0.0,1.0,2026-07-27T11:06:16.09044Z,2026-07-27T14:00:00Z,True
KXHIGHTSEA-26JUL26-B72.5,finalized,no,0.0,1.0,0.0,0.0,0.0,1.0,0.01,0.01,22694.96,0.0,10221.92,0.0,2026-08-28T18:54:29.515947+00:00,74.00,74.0,2026-07-27T11:06:16.057155Z,0.0,0.0,1.0,2026-07-27T11:06:16.09044Z,2026-07-27T14:00:00Z,True
KXHIGHTSEA-26JUL26-B70.5,finalized,no,0.0,1.0,0.0,0.0,0.0,1.0,0.01,0.01,17947.47,0.0,13323.23,0.0,2026-08-28T18:54:29.515947+00:00,74.00,74.0,2026-07-27T11:06:16.057155Z,0.0,0.0,1.0,2026-07-27T11:06:16.09044Z,2026-07-27T14:00:00Z,True
KXHIGHTSEA-26JUL25-T78,finalized,no,0.0,1.0,0.0,0.0,0.0,1.0,0.01,0.01,1734.48,0.0,1730.48,0.0,2026-08-28T18:54:29.515947+00:00,73.00,73.0,2026-07-26T11:06:16.032013Z,0.0,0.0,1.0,2026-07-26T11:06:16.076602Z,2026-07-26T14:00:00Z,True
KXHIGHTSEA-26JUL25-T71,finalized,no,0.0,1.0,0.0,0.0,0.0,1.0,0.01,0.01,12937.97,0.0,8191.35,0.0,2026-08-28T18:54:29.515947+00:00,73.00,73.0,2026-07-26T11:06:16.032013Z,0.0,0.0,1.0,2026-07-26T11:06:16.076602Z,2026-07-26T14:00:00Z,True
KXHIGHTSEA-26JUL25-B77.5,finalized,no,0.0,1.0,0.0,0.0,0.0,1.0,0.01,0.01,4052.78,0.0,3989.78,0.0,2026-08-28T18:54:29.515947+00:00,73.00,73.0,2026-07-26T11:06:16.032013Z,0.0,0.0,1.0,2026-07-26T11:06:16.076602Z,2026-07-26T14:00:00Z,True
KXHIGHTSEA-26JUL25-B75.5,finalized,no,0.0,1.0,0.0,0.0,0.0,1.0,0.01,0.01,9986.64,0.0,6463.67,0.0,2026-08-28T18:54:29.515947+00:00,73.00,73.0,2026-07-26T11:06:16.032013Z,0.0,0.0,1.0,2026-07-26T11:06:16.076602Z,2026-07-26T14:00:00Z,True
KXHIGHTSEA-26JUL25-B73.5,finalized,yes,0.0,1.0,0.0,0.0,0.0,1.0,0.99,0.99,19721.7,0.0,7100.71,0.0,2026-08-28T18:54:29.515947+00:00,73.00,73.0,2026-07-26T11:06:16.032013Z,1.0,0.0,1.0,2026-07-26T11:06:16.076602Z,2026-07-26T14:00:00Z,True
KXHIGHTSEA-26JUL25-B71.5,finalized,no,0.0,1.0,0.0,0.0,0.0,1.0,0.01,0.01,36497.28,0.0,22546.11,0.0,2026-08-28T18:54:29.515947+00:00,73.00,73.0,2026-07-26T11:06:16.032013Z,0.0,0.0,1.0,2026-07-26T11:06:16.076602Z,2026-07-26T14:00:00Z,True
KXHIGHTSEA-26JUL24-T89,finalized,no,0.0,1.0,0.0,0.0,0.0,1.0,0.01,0.01,696.94,0.0,696.94,0.0,2026-08-28T18:54:29.515947+00:00,82.00,82.0,2026-07-25T11:06:26.074199Z,0.0,0.0,1.0,2026-07-25T11:06:26.124743Z,2026-07-25T14:00:00Z,True
KXHIGHTSEA-26JUL24-T82,finalized,no,0.0,1.0,0.0,0.0,0.0,1.0,0.01,0.01,37618.73,0.0,18488.65,0.0,2026-08-28T18:54:29.515947+00:00,82.00,82.0,2026-07-25T11:06:26.074199Z,0.0,0.0,1.0,2026-07-25T11:06:26.124743Z,2026-07-25T14:00:00Z,True
KXHIGHTSEA-26JUL24-B88.5,finalized,no,0.0,1.0,0.0,0.0,0.0,1.0,0.01,0.01,718.56,0.0,701.56,0.0,2026-08-28T18:54:29.515947+00:00,82.00,82.0,2026-07-25T11:06:26.074199Z,0.0,0.0,1.0,2026-07-25T11:06:26.124743Z,2026-07-25T14:00:00Z,True
KXHIGHTSEA-26JUL24-B86.5,finalized,no,0.0,1.0,0.0,0.0,0.0,1.0,0.02,0.02,2117.51,0.0,1576.75,0.0,2026-08-28T18:54:29.515947+00:00,82.00,82.0,2026-07-25T11:06:26.074199Z,0.0,0.0,1.0,2026-07-25T11:06:26.124743Z,2026-07-25T14:00:00Z,True
KXHIGHTSEA-26JUL24-B84.5,finalized,no,0.0,1.0,0.0,0.0,0.0,1.0,0.01,0.01,8077.78,0.0,4211.49,0.0,2026-08-28T18:54:29.515947+00:00,82.00,82.0,2026-07-25T11:06:26.074199Z,0.0,0.0,1.0,2026-07-25T11:06:26.124743Z,2026-07-25T14:00:00Z,True
KXHIGHTSEA-26JUL24-B82.5,finalized,yes,0.0,1.0,0.0,0.0,0.0,1.0,0.99,0.99,16061.48,0.0,6541.7,0.0,2026-08-28T18:54:29.515947+00:00,82.00,82.0,2026-07-25T11:06:26.074199Z,1.0,0.0,1.0,2026-07-25T11:06:26.124743Z,2026-07-25T14:00:00Z,True
KXHIGHTSEA-26JUL23-T83,finalized,no,0.0,1.0,0.0,0.0,0.0,1.0,0.01,0.01,1827.13,0.0,1674.79,0.0,2026-08-28T18:54:29.515947+00:00,76.00,76.0,2026-07-24T11:06:16.08678Z,0.0,0.0,1.0,2026-07-24T11:06:16.25714Z,2026-07-24T14:00:00Z,True
KXHIGHTSEA-26JUL23-T76,finalized,no,0.0,1.0,0.0,0.0,0.0,1.0,0.01,0.01,24608.17,0.0,15232.12,0.0,2026-08-28T18:54:29.515947+00:00,76.00,76.0,2026-07-24T11:06:16.08678Z,0.0,0.0,1.0,2026-07-24T11:06:16.25714Z,2026-07-24T14:00:00Z,True
KXHIGHTSEA-26JUL23-B82.5,finalized,no,0.0,1.0,0.0,0.0,0.0,1.0,0.01,0.01,1121.38,0.0,783.75,0.0,2026-08-28T18:54:29.515947+00:00,76.00,76.0,2026-07-24T11:06:16.08678Z,0.0,0.0,1.0,2026-07-24T11:06:16.25714Z,2026-07-24T14:00:00Z,True
KXHIGHTSEA-26JUL23-B80.5,finalized,no,0.0,1.0,0.0,0.0,0.0,1.0,0.01,0.01,6681.69,0.0,4003.96,0.0,2026-08-28T18:54:29.515947+00:00,76.00,76.0,2026-07-24T11:06:16.08678Z,0.0,0.0,1.0,2026-07-24T11:06:16.25714Z,2026-07-24T14:00:00Z,True
KXHIGHTSEA-26JUL23-B78.5,finalized,no,0.0,1.0,0.0,0.0,0.0,1.0,0.01,0.01,19753.41,0.0,8075.09,0.0,2026-08-28T18:54:29.515947+00:00,76.00,76.0,2026-07-24T11:06:16.08678Z,0.0,0.0,1.0,2026-07-24T11:06:16.25714Z,2026-07-24T14:00:00Z,True
KXHIGHTSEA-26JUL23-B76.5,finalized,yes,0.0,1.0,0.0,0.0,0.0,1.0,0.99,0.99,23502.24,0.0,10784.89,0.0,2026-08-28T18:54:29.515947+00:00,76.00,76.0,2026-07-24T11:06:16.08678Z,1.0,0.0,1.0,2026-07-24T11:06:16.25714Z,2026-07-24T14:00:00Z,True
KXHIGHTSEA-26JUL22-T99,finalized,no,0.0,1.0,0.0,0.0,0.0,1.0,0.01,0.01,968.57,0.0,956.07,0.0,2026-08-28T18:54:29.515947+00:00,95.00,95.0,2026-07-23T11:06:16.009903Z,0.0,0.0,0.01,2026-07-23T11:06:16.045816Z,2026-07-23T14:00:00Z,True
KXHIGHTSEA-26JUL22-T92,finalized,no,0.0,1.0,0.0,0.0,0.0,1.0,0.01,0.01,35687.21,0.0,28105.8,0.0,2026-08-28T18:54:29.515947+00:00,95.00,95.0,2026-07-23T11:06:16.009903Z,0.0,0.0,0.01,2026-07-23T11:06:16.045816Z,2026-07-23T14:00:00Z,True
KXHIGHTSEA-26JUL22-B98.5,finalized,no,0.0,1.0,0.0,0.0,0.0,1.0,0.01,0.01,4683.81,0.0,3394.41,0.0,2026-08-28T18:54:29.515947+00:00,95.00,95.0,2026-07-23T11:06:16.009903Z,0.0,0.0,0.01,2026-07-23T11:06:16.045816Z,2026-07-23T14:00:00Z,True
KXHIGHTSEA-26JUL22-B96.5,finalized,no,0.0,1.0,0.0,0.0,0.0,1.0,0.01,0.01,11945.09,0.0,5711.87,0.0,2026-08-28T18:54:29.515947+00:00,95.00,95.0,2026-07-23T11:06:16.009903Z,0.0,0.0,0.01,2026-07-23T11:06:16.045816Z,2026-07-23T14:00:00Z,True
KXHIGHTSEA-26JUL22-B94.5,finalized,yes,0.0,1.0,0.0,0.0,0.0,1.0,0.99,0.99,21117.84,0.0,11265.99,0.0,2026-08-28T18:54:29.515947+00:00,95.00,95.0,2026-07-23T11:06:16.009903Z,1.0,0.99,1.0,2026-07-23T11:06:16.045816Z,2026-07-23T14:00:00Z,True
KXHIGHTSEA-26JUL22-B92.5,finalized,no,0.0,1.0,0.0,0.0,0.0,1.0,0.01,0.01,32335.79,0.0,21527.11,0.0,2026-08-28T18:54:29.515947+00:00,95.00,95.0,2026-07-23T11:06:16.009903Z,0.0,0.0,0.01,2026-07-23T11:06:16.045816Z,2026-07-23T14:00:00Z,True
KXHIGHTSEA-26JUL21-T95,finalized,no,0.0,1.0,0.0,0.0,0.0,1.0,0.01,0.01,5003.23,0.0,4296.09,0.0,2026-08-28T18:54:29.515947+00:00,93.00,93.0,2026-07-22T11:06:14.017287Z,0.0,0.0,1.0,2026-07-22T11:06:14.044346Z,2026-07-22T14:00:00Z,True
KXHIGHTSEA-26JUL21-T88,finalized,no,0.0,1.0,0.0,0.0,0.0,1.0,0.01,0.01,29378.11,0.0,24527.45,0.0,2026-08-28T18:54:29.515947+00:00,93.00,93.0,2026-07-22T11:06:14.017287Z,0.0,0.0,1.0,2026-07-22T11:06:14.044346Z,2026-07-22T14:00:00Z,True
KXHIGHTSEA-26JUL21-B94.5,finalized,no,0.0,1.0,0.0,0.0,0.0,1.0,0.01,0.01,13832.27,0.0,7371.06,0.0,2026-08-28T18:54:29.515947+00:00,93.00,93.0,2026-07-22T11:06:14.017287Z,0.0,0.0,1.0,2026-07-22T11:06:14.044346Z,2026-07-22T14:00:00Z,True
KXHIGHTSEA-26JUL21-B92.5,finalized,yes,0.0,1.0,0.0,0.0,0.0,1.0,0.99,0.99,23327.17,0.0,8088.78,0.0,2026-08-28T18:54:29.515947+00:00,93.00,93.0,2026-07-22T11:06:14.017287Z,1.0,0.0,1.0,2026-07-22T11:06:14.044346Z,2026-07-22T14:00:00Z,True
KXHIGHTSEA-26JUL21-B90.5,finalized,no,0.0,1.0,0.0,0.0,0.0,1.0,0.01,0.01,34132.0,0.0,19712.51,0.0,2026-08-28T18:54:29.515947+00:00,93.00,93.0,2026-07-22T11:06:14.017287Z,0.0,0.0,1.0,2026-07-22T11:06:14.044346Z,2026-07-22T14:00:00Z,True
KXHIGHTSEA-26JUL21-B88.5,finalized,no,0.0,1.0,0.0,0.0,0.0,1.0,0.01,0.01,41450.91,0.0,31443.0,0.0,2026-08-28T18:54:29.515947+00:00,93.00,93.0,2026-07-22T11:06:14.017287Z,0.0,0.0,1.0,2026-07-22T11:06:14.044346Z,2026-07-22T14:00:00Z,True
KXHIGHTSEA-26JUL20-T88,finalized,no,0.0,1.0,0.0,0.0,0.0,1.0,0.01,0.01,2245.64,0.0,1919.66,0.0,2026-08-28T18:54:29.515947+00:00,82.00,82.0,2026-07-21T11:06:19.811161Z,0.0,0.0,1.0,2026-07-21T11:06:19.843651Z,2026-07-21T14:00:00Z,True
KXHIGHTSEA-26JUL20-T81,finalized,no,0.0,1.0,0.0,0.0,0.0,1.0,0.01,0.01,33647.18,0.0,22661.21,0.0,2026-08-28T18:54:29.515947+00:00,82.00,82.0,2026-07-21T11:06:19.811161Z,0.0,0.0,1.0,2026-07-21T11:06:19.843651Z,2026-07-21T14:00:00Z,True
KXHIGHTSEA-26JUL20-B87.5,finalized,no,0.0,1.0,0.0,0.0,0.0,1.0,0.01,0.01,5959.9,0.0,5155.52,0.0,2026-08-28T18:54:29.515947+00:00,82.00,82.0,2026-07-21T11:06:19.811161Z,0.0,0.0,1.0,2026-07-21T11:06:19.843651Z,2026-07-21T14:00:00Z,True
KXHIGHTSEA-26JUL20-B85.5,finalized,no,0.0,1.0,0.0,0.0,0.0,1.0,0.02,0.02,16273.03,0.0,12210.58,0.0,2026-08-28T18:54:29.515947+00:00,82.00,82.0,2026-07-21T11:06:19.811161Z,0.0,0.0,1.0,2026-07-21T11:06:19.843651Z,2026-07-21T14:00:00Z,True
KXHIGHTSEA-26JUL20-B83.5,finalized,no,0.0,1.0,0.0,0.0,0.0,1.0,0.01,0.01,32008.0,0.0,15956.14,0.0,2026-08-28T18:54:29.515947+00:00,82.00,82.0,2026-07-21T11:06:19.811161Z,0.0,0.0,1.0,2026-07-21T11:06:19.843651Z,2026-07-21T14:00:00Z,True
KXHIGHTSEA-26JUL20-B81.5,finalized,yes,0.0,1.0,0.0,0.0,0.0,1.0,0.99,0.99,42100.55,0.0,17574.37,0.0,2026-08-28T18:54:29.515947+00:00,82.00,82.0,2026-07-21T11:06:19.811161Z,1.0,0.0,1.0,2026-07-21T11:06:19.843651Z,2026-07-21T14:00:00Z,True
KXHIGHTSEA-26JUL19-T84,finalized,no,0.0,1.0,0.0,0.0,0.0,1.0,0.01,0.01,1069.03,0.0,1059.02,0.0,2026-08-28T18:54:29.515947+00:00,78.00,78.0,2026-07-20T11:06:19.867557Z,0.0,0.0,1.0,2026-07-20T11:06:19.886576Z,2026-07-20T14:00:00Z,True
KXHIGHTSEA-26JUL19-T77,finalized,no,0.0,1.0,0.0,0.0,0.0,1.0,0.01,0.01,23450.75,0.0,19094.79,0.0,2026-08-28T18:54:29.515947+00:00,78.00,78.0,2026-07-20T11:06:19.867557Z,0.0,0.0,1.0,2026-07-20T11:06:19.886576Z,2026-07-20T14:00:00Z,True
KXHIGHTSEA-26JUL19-B83.5,finalized,no,0.0,1.0,0.0,0.0,0.0,1.0,0.01,0.01,1390.71,0.0,1280.71,0.0,2026-08-28T18:54:29.515947+00:00,78.00,78.0,2026-07-20T11:06:19.867557Z,0.0,0.0,1.0,2026-07-20T11:06:19.886576Z,2026-07-20T14:00:00Z,True
KXHIGHTSEA-26JUL19-B81.5,finalized,no,0.0,1.0,0.0,0.0,0.0,1.0,0.01,0.01,9196.64,0.0,7011.45,0.0,2026-08-28T18:54:29.515947+00:00,78.00,78.0,2026-07-20T11:06:19.867557Z,0.0,0.0,1.0,2026-07-20T11:06:19.886576Z,2026-07-20T14:00:00Z,True
KXHIGHTSEA-26JUL19-B79.5,finalized,no,0.0,1.0,0.0,0.0,0.0,1.0,0.01,0.01,29514.87,0.0,18010.18,0.0,2026-08-28T18:54:29.515947+00:00,78.00,78.0,2026-07-20T11:06:19.867557Z,0.0,0.0,1.0,2026-07-20T11:06:19.886576Z,2026-07-20T14:00:00Z,True
KXHIGHTSEA-26JUL19-B77.5,finalized,yes,0.0,1.0,0.0,0.0,0.0,1.0,0.99,0.99,21627.8,0.0,10092.12,0.0,2026-08-28T18:54:29.515947+00:00,78.00,78.0,2026-07-20T11:06:19.867557Z,1.0,0.0,1.0,2026-07-20T11:06:19.886576Z,2026-07-20T14:00:00Z,True
KXHIGHTSEA-26JUL18-T81,finalized,no,0.0,1.0,0.0,0.0,0.0,1.0,0.01,0.01,1402.02,0.0,1198.02,0.0,2026-08-28T18:54:29.515947+00:00,75.00,75.0,2026-07-19T11:06:22.690459Z,0.0,0.0,1.0,2026-07-19T11:06:22.72962Z,2026-07-19T14:00:00Z,True
KXHIGHTSEA-26JUL18-T74,finalized,no,0.0,1.0,0.0,0.0,0.0,1.0,0.01,0.01,9026.29,0.0,4648.35,0.0,2026-08-28T18:54:29.515947+00:00,75.00,75.0,2026-07-19T11:06:22.690459Z,0.0,0.0,1.0,2026-07-19T11:06:22.72962Z,2026-07-19T14:00:00Z,True
KXHIGHTSEA-26JUL18-B80.5,finalized,no,0.0,1.0,0.0,0.0,0.0,1.0,0.01,0.01,1665.71,0.0,1371.71,0.0,2026-08-28T18:54:29.515947+00:00,75.00,75.0,2026-07-19T11:06:22.690459Z,0.0,0.0,1.0,2026-07-19T11:06:22.72962Z,2026-07-19T14:00:00Z,True
KXHIGHTSEA-26JUL18-B78.5,finalized,no,0.0,1.0,0.0,0.0,0.0,1.0,0.01,0.01,2613.48,0.0,1441.67,0.0,2026-08-28T18:54:29.515947+00:00,75.00,75.0,2026-07-19T11:06:22.690459Z,0.0,0.0,1.0,2026-07-19T11:06:22.72962Z,2026-07-19T14:00:00Z,True
KXHIGHTSEA-26JUL18-B76.5,finalized,no,0.0,1.0,0.0,0.0,0.0,1.0,0.01,0.01,8101.95,0.0,4536.74,0.0,2026-08-28T18:54:29.515947+00:00,75.00,75.0,2026-07-19T11:06:22.690459Z,0.0,0.0,1.0,2026-07-19T11:06:22.72962Z,2026-07-19T14:00:00Z,True
KXHIGHTSEA-26JUL18-B74.5,finalized,yes,0.0,1.0,0.0,0.0,0.0,1.0,0.99,0.99,10214.01,0.0,4438.89,0.0,2026-08-28T18:54:29.515947+00:00,75.00,75.0,2026-07-19T11:06:22.690459Z,1.0,0.0,1.0,2026-07-19T11:06:22.72962Z,2026-07-19T14:00:00Z,True
KXHIGHTSEA-26JUL17-T81,finalized,no,0.0,1.0,0.0,0.0,0.0,1.0,0.01,0.01,1375.03,0.0,1089.03,0.0,2026-08-28T18:54:29.515947+00:00,72.00,72.0,2026-07-18T11:06:12.612175Z,0.0,0.0,1.0,2026-07-18T11:06:12.623989Z,2026-07-18T14:00:00Z,True
KXHIGHTSEA-26JUL17-T74,finalized,yes,0.0,1.0,0.0,0.0,0.0,1.0,0.99,0.99,19997.07,0.0,9709.35,0.0,2026-08-28T18:54:29.515947+00:00,72.00,72.0,2026-07-18T11:06:12.612175Z,1.0,0.0,1.0,2026-07-18T11:06:12.623989Z,2026-07-18T14:00:00Z,True
KXHIGHTSEA-26JUL17-B80.5,finalized,no,0.0,1.0,0.0,0.0,0.0,1.0,0.01,0.01,1543.41,0.0,1041.77,0.0,2026-08-28T18:54:29.515947+00:00,72.00,72.0,2026-07-18T11:06:12.612175Z,0.0,0.0,1.0,2026-07-18T11:06:12.623989Z,2026-07-18T14:00:00Z,True
KXHIGHTSEA-26JUL17-B78.5,finalized,no,0.0,1.0,0.0,0.0,0.0,1.0,0.01,0.01,1142.86,0.0,1040.31,0.0,2026-08-28T18:54:29.515947+00:00,72.00,72.0,2026-07-18T11:06:12.612175Z,0.0,0.0,1.0,2026-07-18T11:06:12.623989Z,2026-07-18T14:00:00Z,True
KXHIGHTSEA-26JUL17-B76.5,finalized,no,0.0,1.0,0.0,0.0,0.0,1.0,0.01,0.01,4570.22,0.0,2801.34,0.0,2026-08-28T18:54:29.515947+00:00,72.00,72.0,2026-07-18T11:06:12.612175Z,0.0,0.0,1.0,2026-07-18T11:06:12.623989Z,2026-07-18T14:00:00Z,True
KXHIGHTSEA-26JUL17-B74.5,finalized,no,0.0,1.0,0.0,0.0,0.0,1.0,0.01,0.01,9484.47,0.0,5423.95,0.0,2026-08-28T18:54:29.515947+00:00,72.00,72.0,2026-07-18T11:06:12.612175Z,0.0,0.0,1.0,2026-07-18T11:06:12.623989Z,2026-07-18T14:00:00Z,True
KXHIGHTSEA-26JUL16-T76,finalized,no,0.0,1.0,0.0,0.0,0.0,1.0,0.01,0.01,2149.22,0.0,1541.76,0.0,2026-08-28T18:54:29.515947+00:00,65.00,65.0,2026-07-17T11:06:22.658501Z,0.0,0.0,1.0,2026-07-17T11:06:22.712227Z,2026-07-17T14:00:00Z,True
KXHIGHTSEA-26JUL16-T69,finalized,yes,0.0,1.0,0.0,0.0,0.0,1.0,0.99,0.99,22129.02,0.0,8433.94,0.0,2026-08-28T18:54:29.515947+00:00,65.00,65.0,2026-07-17T11:06:22.658501Z,1.0,0.0,1.0,2026-07-17T11:06:22.712227Z,2026-07-17T14:00:00Z,True
KXHIGHTSEA-26JUL16-B75.5,finalized,no,0.0,1.0,0.0,0.0,0.0,1.0,0.01,0.01,1209.16,0.0,940.83,0.0,2026-08-28T18:54:29.515947+00:00,65.00,65.0,2026-07-17T11:06:22.658501Z,0.0,0.0,1.0,2026-07-17T11:06:22.712227Z,2026-07-17T14:00:00Z,True
KXHIGHTSEA-26JUL16-B73.5,finalized,no,0.0,1.0,0.0,0.0,0.0,1.0,0.01,0.01,3577.11,0.0,2110.35,0.0,2026-08-28T18:54:29.515947+00:00,65.00,65.0,2026-07-17T11:06:22.658501Z,0.0,0.0,1.0,2026-07-17T11:06:22.712227Z,2026-07-17T14:00:00Z,True
KXHIGHTSEA-26JUL16-B71.5,finalized,no,0.0,1.0,0.0,0.0,0.0,1.0,0.01,0.01,14221.14,0.0,9036.92,0.0,2026-08-28T18:54:29.515947+00:00,65.00,65.0,2026-07-17T11:06:22.658501Z,0.0,0.0,1.0,2026-07-17T11:06:22.712227Z,2026-07-17T14:00:00Z,True
KXHIGHTSEA-26JUL16-B69.5,finalized,no,0.0,1.0,0.0,0.0,0.0,1.0,0.01,0.01,9715.77,0.0,4755.46,0.0,2026-08-28T18:54:29.515947+00:00,65.00,65.0,2026-07-17T11:06:22.658501Z,0.0,0.0,1.0,2026-07-17T11:06:22.712227Z,2026-07-17T14:00:00Z,True
KXHIGHTSEA-26JUL15-T90,finalized,no,0.0,1.0,0.0,0.0,0.0,1.0,0.01,0.01,1345.01,59.0,1277.01,0.0,2026-08-28T18:54:29.515947+00:00,83.00,83.0,2026-07-16T11:06:12.608995Z,0.0,0.01,0.02,2026-07-16T11:06:12.634713Z,2026-07-16T14:00:00Z,True
KXHIGHTSEA-26JUL15-T83,finalized,no,0.0,1.0,0.0,0.0,0.0,1.0,0.01,0.23,18241.42,15125.5,12553.67,0.0,2026-08-28T18:54:29.515947+00:00,83.00,83.0,2026-07-16T11:06:12.608995Z,0.0,0.17,0.24,2026-07-16T11:06:12.634713Z,2026-07-16T14:00:00Z,True
KXHIGHTSEA-26JUL15-B89.5,finalized,no,0.0,1.0,0.0,0.0,0.0,1.0,0.01,0.03,1514.11,1076.15,1496.11,0.0,2026-08-28T18:54:29.515947+00:00,83.00,83.0,2026-07-16T11:06:12.608995Z,0.0,0.03,0.04,2026-07-16T11:06:12.634713Z,2026-07-16T14:00:00Z,True
KXHIGHTSEA-26JUL15-B87.5,finalized,no,0.0,1.0,0.0,0.0,0.0,1.0,0.01,0.14,3794.27,3233.15,2830.65,0.0,2026-08-28T18:54:29.515947+00:00,83.00,83.0,2026-07-16T11:06:12.608995Z,0.0,0.14,0.15,2026-07-16T11:06:12.634713Z,2026-07-16T14:00:00Z,True
KXHIGHTSEA-26JUL15-B85.5,finalized,no,0.0,1.0,0.0,0.0,0.0,1.0,0.01,0.29,9919.41,9032.54,5714.64,0.0,2026-08-28T18:54:29.515947+00:00,83.00,83.0,2026-07-16T11:06:12.608995Z,0.0,0.29,0.3,2026-07-16T11:06:12.634713Z,2026-07-16T14:00:00Z,True
KXHIGHTSEA-26JUL15-B83.5,finalized,yes,0.0,1.0,0.0,0.0,0.0,1.0,0.99,0.34,9123.49,7874.27,4147.2,0.0,2026-08-28T18:54:29.515947+00:00,83.00,83.0,2026-07-16T11:06:12.608995Z,1.0,0.34,0.36,2026-07-16T11:06:12.634713Z,2026-07-16T14:00:00Z,True
KXHIGHTSEA-26JUL14-T87,finalized,no,0.0,1.0,0.0,0.0,0.0,1.0,0.01,0.01,5612.72,0.0,4214.33,0.0,2026-08-28T18:54:29.515947+00:00,85.00,85.0,2026-07-15T11:06:15.790568Z,0.0,0.0,0.01,2026-07-15T11:06:15.803581Z,2026-07-15T14:00:00Z,True
KXHIGHTSEA-26JUL14-T80,finalized,no,0.0,1.0,0.0,0.0,0.0,1.0,0.01,0.01,7983.24,0.0,6271.94,0.0,2026-08-28T18:54:29.515947+00:00,85.00,85.0,2026-07-15T11:06:15.790568Z,0.0,0.0,0.01,2026-07-15T11:06:15.803581Z,2026-07-15T14:00:00Z,True
KXHIGHTSEA-26JUL14-B86.5,finalized,no,0.0,1.0,0.0,0.0,0.0,1.0,0.01,0.01,10434.6,0.0,5804.18,0.0,2026-08-28T18:54:29.515947+00:00,85.00,85.0,2026-07-15T11:06:15.790568Z,0.0,0.0,0.01,2026-07-15T11:06:15.803581Z,2026-07-15T14:00:00Z,True
KXHIGHTSEA-26JUL14-B84.5,finalized,yes,0.0,1.0,0.0,0.0,0.0,1.0,0.99,0.99,15415.4,29.0,7942.79,0.0,2026-08-28T18:54:29.515947+00:00,85.00,85.0,2026-07-15T11:06:15.790568Z,1.0,0.98,0.99,2026-07-15T11:06:15.803581Z,2026-07-15T14:00:00Z,True
KXHIGHTSEA-26JUL14-B82.5,finalized,no,0.0,1.0,0.0,0.0,0.0,1.0,0.01,0.01,11719.01,0.0,9215.33,0.0,2026-08-28T18:54:29.515947+00:00,85.00,85.0,2026-07-15T11:06:15.790568Z,0.0,0.0,0.01,2026-07-15T11:06:15.803581Z,2026-07-15T14:00:00Z,True
KXHIGHTSEA-26JUL14-B80.5,finalized,no,0.0,1.0,0.0,0.0,0.0,1.0,0.01,0.01,8807.95,0.0,7433.99,0.0,2026-08-28T18:54:29.515947+00:00,85.00,85.0,2026-07-15T11:06:15.790568Z,0.0,0.0,0.01,2026-07-15T11:06:15.803581Z,2026-07-15T14:00:00Z,True
KXHIGHTSEA-26JUL13-T83,finalized,no,0.0,1.0,0.0,0.0,0.0,1.0,0.01,0.01,4345.29,0.0,3530.19,0.0,2026-08-28T18:54:29.515947+00:00,80.00,80.0,2026-07-14T11:06:19.539786Z,0.0,0.0,1.0,2026-07-14T11:06:19.584183Z,2026-07-14T14:00:00Z,True
KXHIGHTSEA-26JUL13-T76,finalized,no,0.0,1.0,0.0,0.0,0.0,1.0,0.01,0.01,3844.2,0.0,2671.59,0.0,2026-08-28T18:54:29.515947+00:00,80.00,80.0,2026-07-14T11:06:19.539786Z,0.0,0.0,1.0,2026-07-14T11:06:19.584183Z,2026-07-14T14:00:00Z,True
KXHIGHTSEA-26JUL13-B82.5,finalized,no,0.0,1.0,0.0,0.0,0.0,1.0,0.01,0.01,13546.92,0.0,7714.76,0.0,2026-08-28T18:54:29.515947+00:00,80.00,80.0,2026-07-14T11:06:19.539786Z,0.0,0.0,1.0,2026-07-14T11:06:19.584183Z,2026-07-14T14:00:00Z,True
KXHIGHTSEA-26JUL13-B80.5,finalized,yes,0.0,1.0,0.0,0.0,0.0,1.0,0.99,0.99,21903.77,0.0,8628.9,0.0,2026-08-28T18:54:29.515947+00:00,80.00,80.0,2026-07-14T11:06:19.539786Z,1.0,0.0,1.0,2026-07-14T11:06:19.584183Z,2026-07-14T14:00:00Z,True
KXHIGHTSEA-26JUL13-B78.5,finalized,no,0.0,1.0,0.0,0.0,0.0,1.0,0.01,0.01,15071.74,0.0,9814.08,0.0,2026-08-28T18:54:29.515947+00:00,80.00,80.0,2026-07-14T11:06:19.539786Z,0.0,0.0,1.0,2026-07-14T11:06:19.584183Z,2026-07-14T14:00:00Z,True
KXHIGHTSEA-26JUL13-B76.5,finalized,no,0.0,1.0,0.0,0.0,0.0,1.0,0.01,0.01,24611.59,0.0,20491.97,0.0,2026-08-28T18:54:29.515947+00:00,80.00,80.0,2026-07-14T11:06:19.539786Z,0.0,0.0,1.0,2026-07-14T11:06:19.584183Z,2026-07-14T14:00:00Z,True
KXHIGHTSEA-26JUL12-T77,finalized,no,0.0,1.0,0.0,0.0,0.0,1.0,0.01,0.01,3178.49,0.0,2934.08,0.0,2026-08-28T18:54:29.515947+00:00,72.00,72.0,2026-07-13T11:06:19.541458Z,0.0,0.0,1.0,2026-07-13T11:06:19.548348Z,2026-07-13T14:00:00Z,True
KXHIGHTSEA-26JUL12-T70,finalized,no,0.0,1.0,0.0,0.0,0.0,1.0,0.01,0.01,6010.72,0.0,4126.48,0.0,2026-08-28T18:54:29.515947+00:00,72.00,72.0,2026-07-13T11:06:19.541458Z,0.0,0.0,1.0,2026-07-13T11:06:19.548348Z,2026-07-13T14:00:00Z,True
KXHIGHTSEA-26JUL12-B76.5,finalized,no,0.0,1.0,0.0,0.0,0.0,1.0,0.01,0.01,9811.36,0.0,6099.38,0.0,2026-08-28T18:54:29.515947+00:00,72.00,72.0,2026-07-13T11:06:19.541458Z,0.0,0.0,1.0,2026-07-13T11:06:19.548348Z,2026-07-13T14:00:00Z,True
KXHIGHTSEA-26JUL12-B74.5,finalized,no,0.0,1.0,0.0,0.0,0.0,1.0,0.01,0.01,15687.02,0.0,8719.84,0.0,2026-08-28T18:54:29.515947+00:00,72.00,72.0,2026-07-13T11:06:19.541458Z,0.0,0.0,1.0,2026-07-13T11:06:19.548348Z,2026-07-13T14:00:00Z,True
KXHIGHTSEA-26JUL12-B72.5,finalized,yes,0.0,1.0,0.0,0.0,0.0,1.0,0.99,0.99,12280.59,0.0,5684.05,0.0,2026-08-28T18:54:29.515947+00:00,72.00,72.0,2026-07-13T11:06:19.541458Z,1.0,0.0,1.0,2026-07-13T11:06:19.548348Z,2026-07-13T14:00:00Z,True
KXHIGHTSEA-26JUL12-B70.5,finalized,no,0.0,1.0,0.0,0.0,0.0,1.0,0.01,0.01,14794.18,0.0,8267.74,0.0,2026-08-28T18:54:29.515947+00:00,72.00,72.0,2026-07-13T11:06:19.541458Z,0.0,0.0,1.0,2026-07-13T11:06:19.548348Z,2026-07-13T14:00:00Z,True
KXHIGHTSEA-26JUL11-T77,finalized,no,0.0,1.0,0.0,0.0,0.0,1.0,0.01,0.01,10440.76,0.0,7177.06,0.0,2026-08-28T18:54:29.515947+00:00,76.00,76.0,2026-07-12T11:06:29.549284Z,0.0,0.0,1.0,2026-07-12T11:06:29.559399Z,2026-07-12T14:00:00Z,True
KXHIGHTSEA-26JUL11-T70,finalized,no,0.0,1.0,0.0,0.0,0.0,1.0,0.01,0.01,3293.47,0.0,1888.6,0.0,2026-08-28T18:54:29.515947+00:00,76.00,76.0,2026-07-12T11:06:29.549284Z,0.0,0.0,1.0,2026-07-12T11:06:29.559399Z,2026-07-12T14:00:00Z,True
KXHIGHTSEA-26JUL11-B76.5,finalized,yes,0.0,1.0,0.0,0.0,0.0,1.0,0.99,0.99,23447.73,0.0,11499.22,0.0,2026-08-28T18:54:29.515947+00:00,76.00,76.0,2026-07-12T11:06:29.549284Z,1.0,0.0,1.0,2026-07-12T11:06:29.559399Z,2026-07-12T14:00:00Z,True
KXHIGHTSEA-26JUL11-B74.5,finalized,no,0.0,1.0,0.0,0.0,0.0,1.0,0.01,0.01,22352.89,0.0,12000.6,0.0,2026-08-28T18:54:29.515947+00:00,76.00,76.0,2026-07-12T11:06:29.549284Z,0.0,0.0,1.0,2026-07-12T11:06:29.559399Z,2026-07-12T14:00:00Z,True
KXHIGHTSEA-26JUL11-B72.5,finalized,no,0.0,1.0,0.0,0.0,0.0,1.0,0.01,0.01,16961.76,0.0,13329.63,0.0,2026-08-28T18:54:29.515947+00:00,76.00,76.0,2026-07-12T11:06:29.549284Z,0.0,0.0,1.0,2026-07-12T11:06:29.559399Z,2026-07-12T14:00:00Z,True
KXHIGHTSEA-26JUL11-B70.5,finalized,no,0.0,1.0,0.0,0.0,0.0,1.0,0.01,0.01,11671.37,0.0,8890.89,0.0,2026-08-28T18:54:29.515947+00:00,76.00,76.0,2026-07-12T11:06:29.549284Z,0.0,0.0,1.0,2026-07-12T11:06:29.559399Z,2026-07-12T14:00:00Z,True
KXHIGHTSEA-26JUL10-T78,finalized,no,0.0,1.0,0.0,0.0,0.0,1.0,0.01,0.01,72955.64,0.0,35359.05,0.0,2026-08-28T18:54:29.515947+00:00,78.00,78.0,2026-07-11T11:06:19.539187Z,0.0,0.0,1.0,2026-07-11T11:06:19.583405Z,2026-07-11T14:00:00Z,True
KXHIGHTSEA-26JUL10-T71,finalized,no,0.0,1.0,0.0,0.0,0.0,1.0,0.01,0.01,5572.94,0.0,3167.77,0.0,2026-08-28T18:54:29.515947+00:00,78.00,78.0,2026-07-11T11:06:19.539187Z,0.0,0.0,1.0,2026-07-11T11:06:19.583405Z,2026-07-11T14:00:00Z,True
KXHIGHTSEA-26JUL10-B77.5,finalized,yes,0.0,1.0,0.0,0.0,0.0,1.0,0.99,0.99,36177.81,0.0,13583.08,0.0,2026-08-28T18:54:29.515947+00:00,78.00,78.0,2026-07-11T11:06:19.539187Z,1.0,0.0,1.0,2026-07-11T11:06:19.583405Z,2026-07-11T14:00:00Z,True
KXHIGHTSEA-26JUL10-B75.5,finalized,no,0.0,1.0,0.0,0.0,0.0,1.0,0.01,0.01,23500.06,0.0,16545.99,0.0,2026-08-28T18:54:29.515947+00:00,78.00,78.0,2026-07-11T11:06:19.539187Z,0.0,0.0,1.0,2026-07-11T11:06:19.583405Z,2026-07-11T14:00:00Z,True
KXHIGHTSEA-26JUL10-B73.5,finalized,no,0.0,1.0,0.0,0.0,0.0,1.0,0.01,0.01,9053.21,0.0,6655.68,0.0,2026-08-28T18:54:29.515947+00:00,78.00,78.0,2026-07-11T11:06:19.539187Z,0.0,0.0,1.0,2026-07-11T11:06:19.583405Z,2026-07-11T14:00:00Z,True
KXHIGHTSEA-26JUL10-B71.5,finalized,no,0.0,1.0,0.0,0.0,0.0,1.0,0.01,0.01,6560.48,0.0,4382.33,0.0,2026-08-28T18:54:29.515947+00:00,78.00,78.0,2026-07-11T11:06:19.539187Z,0.0,0.0,1.0,2026-07-11T11:06:19.583405Z,2026-07-11T14:00:00Z,True
KXHIGHTSEA-26JUL09-T80,finalized,no,0.0,1.0,0.0,0.0,0.0,1.0,0.01,0.01,11791.66,0.0,10112.94,0.0,2026-08-28T18:54:29.515947+00:00,79.00,79.0,2026-07-10T11:06:21.001312Z,0.0,0.0,1.0,2026-07-10T11:06:21.007693Z,2026-07-10T14:00:00Z,True
KXHIGHTSEA-26JUL09-T73,finalized,no,0.0,1.0,0.0,0.0,0.0,1.0,0.01,0.01,7394.29,0.0,5951.7,0.0,2026-08-28T18:54:29.515947+00:00,79.00,79.0,2026-07-10T11:06:21.001312Z,0.0,0.0,1.0,2026-07-10T11:06:21.007693Z,2026-07-10T14:00:00Z,True
KXHIGHTSEA-26JUL09-B79.5,finalized,yes,0.0,1.0,0.0,0.0,0.0,1.0,0.99,0.99,46548.84,0.0,21019.64,0.0,2026-08-28T18:54:29.515947+00:00,79.00,79.0,2026-07-10T11:06:21.001312Z,1.0,0.0,1.0,2026-07-10T11:06:21.007693Z,2026-07-10T14:00:00Z,True
KXHIGHTSEA-26JUL09-B77.5,finalized,no,0.0,1.0,0.0,0.0,0.0,1.0,0.01,0.01,28443.2,0.0,11069.95,0.0,2026-08-28T18:54:29.515947+00:00,79.00,79.0,2026-07-10T11:06:21.001312Z,0.0,0.0,1.0,2026-07-10T11:06:21.007693Z,2026-07-10T14:00:00Z,True
KXHIGHTSEA-26JUL09-B75.5,finalized,no,0.0,1.0,0.0,0.0,0.0,1.0,0.01,0.01,36980.19,0.0,31973.8,0.0,2026-08-28T18:54:29.515947+00:00,79.00,79.0,2026-07-10T11:06:21.001312Z,0.0,0.0,1.0,2026-07-10T11:06:21.007693Z,2026-07-10T14:00:00Z,True
KXHIGHTSEA-26JUL09-B73.5,finalized,no,0.0,1.0,0.0,0.0,0.0,1.0,0.01,0.01,15538.47,0.0,8962.05,0.0,2026-08-28T18:54:29.515947+00:00,79.00,79.0,2026-07-10T11:06:21.001312Z,0.0,0.0,1.0,2026-07-10T11:06:21.007693Z,2026-07-10T14:00:00Z,True
KXHIGHTSEA-26JUL08-T77,finalized,no,0.0,1.0,0.0,0.0,0.0,1.0,0.01,0.01,8322.59,0.0,8268.59,0.0,2026-08-28T18:54:29.515947+00:00,71.00,71.0,2026-07-09T11:06:30.990805Z,0.0,0.0,0.01,2026-07-09T11:06:31.01543Z,2026-07-09T14:00:00Z,True
KXHIGHTSEA-26JUL08-T70,finalized,no,0.0,1.0,0.0,0.0,0.0,1.0,0.01,0.01,20531.31,0.0,10652.93,0.0,2026-08-28T18:54:29.515947+00:00,71.00,71.0,2026-07-09T11:06:30.990805Z,0.0,0.0,0.01,2026-07-09T11:06:31.01543Z,2026-07-09T14:00:00Z,True
KXHIGHTSEA-26JUL08-B76.5,finalized,no,0.0,1.0,0.0,0.0,0.0,1.0,0.01,0.01,6003.53,0.0,4005.92,0.0,2026-08-28T18:54:29.515947+00:00,71.00,71.0,2026-07-09T11:06:30.990805Z,0.0,0.0,0.01,2026-07-09T11:06:31.01543Z,2026-07-09T14:00:00Z,True
KXHIGHTSEA-26JUL08-B74.5,finalized,no,0.0,1.0,0.0,0.0,0.0,1.0,0.01,0.01,16520.54,0.0,8223.49,0.0,2026-08-28T18:54:29.515947+00:00,71.00,71.0,2026-07-09T11:06:30.990805Z,0.0,0.0,0.01,2026-07-09T11:06:31.01543Z,2026-07-09T14:00:00Z,True
KXHIGHTSEA-26JUL08-B72.5,finalized,no,0.0,1.0,0.0,0.0,0.0,1.0,0.01,0.01,33805.32,0.0,13918.9,0.0,2026-08-28T18:54:29.515947+00:00,71.00,71.0,2026-07-09T11:06:30.990805Z,0.0,0.0,0.01,2026-07-09T11:06:31.01543Z,2026-07-09T14:00:00Z,True
KXHIGHTSEA-26JUL08-B70.5,finalized,yes,0.0,1.0,0.0,0.0,0.0,1.0,0.99,0.99,37454.58,0.0,15575.84,0.0,2026-08-28T18:54:29.515947+00:00,71.00,71.0,2026-07-09T11:06:30.990805Z,1.0,0.99,1.0,2026-07-09T11:06:31.01543Z,2026-07-09T14:00:00Z,True
KXHIGHTSEA-26JUL07-T82,finalized,no,0.0,1.0,0.0,0.0,0.0,1.0,0.01,0.01,5238.51,0.0,4535.68,0.0,2026-08-28T18:54:29.515947+00:00,75.00,75.0,2026-07-08T11:31:24.560244Z,0.0,0.0,1.0,2026-07-08T11:31:24.575301Z,2026-07-08T14:00:00Z,True
KXHIGHTSEA-26JUL07-T75,finalized,no,0.0,1.0,0.0,0.0,0.0,1.0,0.01,0.01,34866.53,0.0,15649.21,0.0,2026-08-28T18:54:29.515947+00:00,75.00,75.0,2026-07-08T11:31:24.560244Z,0.0,0.0,1.0,2026-07-08T11:31:24.575301Z,2026-07-08T14:00:00Z,True
KXHIGHTSEA-26JUL07-B81.5,finalized,no,0.0,1.0,0.0,0.0,0.0,1.0,0.01,0.01,5700.05,0.0,4751.68,0.0,2026-08-28T18:54:29.515947+00:00,75.00,75.0,2026-07-08T11:31:24.560244Z,0.0,0.0,1.0,2026-07-08T11:31:24.575301Z,2026-07-08T14:00:00Z,True
KXHIGHTSEA-26JUL07-B79.5,finalized,no,0.0,1.0,0.0,0.0,0.0,1.0,0.01,0.01,10325.64,0.0,8095.74,0.0,2026-08-28T18:54:29.515947+00:00,75.00,75.0,2026-07-08T11:31:24.560244Z,0.0,0.0,1.0,2026-07-08T11:31:24.575301Z,2026-07-08T14:00:00Z,True
KXHIGHTSEA-26JUL07-B77.5,finalized,no,0.0,1.0,0.0,0.0,0.0,1.0,0.01,0.01,24629.12,0.0,11921.58,0.0,2026-08-28T18:54:29.515947+00:00,75.00,75.0,2026-07-08T11:31:24.560244Z,0.0,0.0,1.0,2026-07-08T11:31:24.575301Z,2026-07-08T14:00:00Z,True
KXHIGHTSEA-26JUL07-B75.5,finalized,yes,0.0,1.0,0.0,0.0,0.0,1.0,0.99,0.99,28371.0,0.0,11782.27,0.0,2026-08-28T18:54:29.515947+00:00,75.00,75.0,2026-07-08T11:31:24.560244Z,1.0,0.0,1.0,2026-07-08T11:31:24.575301Z,2026-07-08T14:00:00Z,True
KXHIGHTSEA-26JUL06-T86,finalized,no,0.0,1.0,0.0,0.0,0.0,1.0,0.01,0.01,6838.97,0.0,5606.75,0.0,2026-08-28T18:54:29.515947+00:00,85.00,85.0,2026-07-07T11:31:14.516014Z,0.0,0.0,1.0,2026-07-07T11:31:14.588916Z,2026-07-07T14:00:00Z,True
KXHIGHTSEA-26JUL06-T79,finalized,no,0.0,1.0,0.0,0.0,0.0,1.0,0.01,0.01,2200.45,0.0,1760.14,0.0,2026-08-28T18:54:29.515947+00:00,85.00,85.0,2026-07-07T11:31:14.516014Z,0.0,0.0,1.0,2026-07-07T11:31:14.588916Z,2026-07-07T14:00:00Z,True
KXHIGHTSEA-26JUL06-B85.5,finalized,yes,0.0,1.0,0.0,0.0,0.0,1.0,0.99,0.99,14272.66,0.0,6105.69,0.0,2026-08-28T18:54:29.515947+00:00,85.00,85.0,2026-07-07T11:31:14.516014Z,1.0,0.0,1.0,2026-07-07T11:31:14.588916Z,2026-07-07T14:00:00Z,True
KXHIGHTSEA-26JUL06-B83.5,finalized,no,0.0,1.0,0.0,0.0,0.0,1.0,0.01,0.01,14902.67,0.0,9019.41,0.0,2026-08-28T18:54:29.515947+00:00,85.00,85.0,2026-07-07T11:31:14.516014Z,0.0,0.0,1.0,2026-07-07T11:31:14.588916Z,2026-07-07T14:00:00Z,True
KXHIGHTSEA-26JUL06-B81.5,finalized,no,0.0,1.0,0.0,0.0,0.0,1.0,0.01,0.01,22879.21,0.0,13750.38,0.0,2026-08-28T18:54:29.515947+00:00,85.00,85.0,2026-07-07T11:31:14.516014Z,0.0,0.0,1.0,2026-07-07T11:31:14.588916Z,2026-07-07T14:00:00Z,True
KXHIGHTSEA-26JUL06-B79.5,finalized,no,0.0,1.0,0.0,0.0,0.0,1.0,0.01,0.01,18447.66,0.0,15380.86,0.0,2026-08-28T18:54:29.515947+00:00,85.00,85.0,2026-07-07T11:31:14.516014Z,0.0,0.0,1.0,2026-07-07T11:31:14.588916Z,2026-07-07T14:00:00Z,True
KXHIGHTSEA-26JUL05-T79,finalized,no,0.0,1.0,0.0,0.0,0.0,1.0,0.01,0.01,1710.05,0.0,1441.05,0.0,2026-08-28T18:54:29.515947+00:00,77.00,77.0,2026-07-06T11:31:24.509652Z,0.0,0.0,1.0,2026-07-06T11:31:24.521761Z,2026-07-06T14:00:00Z,True
KXHIGHTSEA-26JUL05-T72,finalized,no,0.0,1.0,0.0,0.0,0.0,1.0,0.01,0.01,4284.87,0.0,2974.96,0.0,2026-08-28T18:54:29.515947+00:00,77.00,77.0,2026-07-06T11:31:24.509652Z,0.0,0.0,1.0,2026-07-06T11:31:24.521761Z,2026-07-06T14:00:00Z,True
KXHIGHTSEA-26JUL05-B78.5,finalized,no,0.0,1.0,0.0,0.0,0.0,1.0,0.01,0.01,8000.17,0.0,5951.89,0.0,2026-08-28T18:54:29.515947+00:00,77.00,77.0,2026-07-06T11:31:24.509652Z,0.0,0.0,1.0,2026-07-06T11:31:24.521761Z,2026-07-06T14:00:00Z,True
KXHIGHTSEA-26JUL05-B76.5,finalized,yes,0.0,1.0,0.0,0.0,0.0,1.0,0.99,0.99,22743.04,0.0,7755.04,0.0,2026-08-28T18:54:29.515947+00:00,77.00,77.0,2026-07-06T11:31:24.509652Z,1.0,0.0,1.0,2026-07-06T11:31:24.521761Z,2026-07-06T14:00:00Z,True
KXHIGHTSEA-26JUL05-B74.5,finalized,no,0.0,1.0,0.0,0.0,0.0,1.0,0.01,0.01,34001.56,0.0,23851.64,0.0,2026-08-28T18:54:29.515947+00:00,77.00,77.0,2026-07-06T11:31:24.509652Z,0.0,0.0,1.0,2026-07-06T11:31:24.521761Z,2026-07-06T14:00:00Z,True
KXHIGHTSEA-26JUL05-B72.5,finalized,no,0.0,1.0,0.0,0.0,0.0,1.0,0.01,0.01,23445.18,0.0,17694.03,0.0,2026-08-28T18:54:29.515947+00:00,77.00,77.0,2026-07-06T11:31:24.509652Z,0.0,0.0,1.0,2026-07-06T11:31:24.521761Z,2026-07-06T14:00:00Z,True
KXHIGHTSEA-26JUL04-T79,finalized,no,0.0,1.0,0.0,0.0,0.0,1.0,0.01,0.01,2351.0,0.0,2302.54,0.0,2026-08-28T18:54:29.515947+00:00,72.00,72.0,2026-07-05T11:31:24.559856Z,0.0,0.0,1.0,2026-07-05T11:31:24.587795Z,2026-07-05T14:00:00Z,True
KXHIGHTSEA-26JUL04-T72,finalized,no,0.0,1.0,0.0,0.0,0.0,1.0,0.01,0.01,32605.1,0.0,15768.23,0.0,2026-08-28T18:54:29.515947+00:00,72.00,72.0,2026-07-05T11:31:24.559856Z,0.0,0.0,1.0,2026-07-05T11:31:24.587795Z,2026-07-05T14:00:00Z,True
KXHIGHTSEA-26JUL04-B78.5,finalized,no,0.0,1.0,0.0,0.0,0.0,1.0,0.01,0.01,1816.18,0.0,1473.74,0.0,2026-08-28T18:54:29.515947+00:00,72.00,72.0,2026-07-05T11:31:24.559856Z,0.0,0.0,1.0,2026-07-05T11:31:24.587795Z,2026-07-05T14:00:00Z,True
KXHIGHTSEA-26JUL04-B76.5,finalized,no,0.0,1.0,0.0,0.0,0.0,1.0,0.01,0.01,4426.26,0.0,2441.31,0.0,2026-08-28T18:54:29.515947+00:00,72.00,72.0,2026-07-05T11:31:24.559856Z,0.0,0.0,1.0,2026-07-05T11:31:24.587795Z,2026-07-05T14:00:00Z,True
KXHIGHTSEA-26JUL04-B74.5,finalized,no,0.0,1.0,0.0,0.0,0.0,1.0,0.01,0.01,9166.17,0.0,5006.5,0.0,2026-08-28T18:54:29.515947+00:00,72.00,72.0,2026-07-05T11:31:24.559856Z,0.0,0.0,1.0,2026-07-05T11:31:24.587795Z,2026-07-05T14:00:00Z,True
KXHIGHTSEA-26JUL04-B72.5,finalized,yes,0.0,1.0,0.0,0.0,0.0,1.0,0.99,0.99,24941.27,0.0,10436.06,0.0,2026-08-28T18:54:29.515947+00:00,72.00,72.0,2026-07-05T11:31:24.559856Z,1.0,0.0,1.0,2026-07-05T11:31:24.587795Z,2026-07-05T14:00:00Z,True
KXHIGHTSEA-26JUL03-T78,finalized,no,0.0,1.0,0.0,0.0,0.0,1.0,0.01,0.01,1205.01,0.0,1184.01,0.0,2026-08-28T18:54:29.515947+00:00,73.00,73.0,2026-07-04T11:31:44.512358Z,0.0,0.0,1.0,2026-07-04T11:31:44.531263Z,2026-07-04T14:00:00Z,True
KXHIGHTSEA-26JUL03-T71,finalized,no,0.0,1.0,0.0,0.0,0.0,1.0,0.01,0.01,6461.66,0.0,4640.36,0.0,2026-08-28T18:54:29.515947+00:00,73.00,73.0,2026-07-04T11:31:44.512358Z,0.0,0.0,1.0,2026-07-04T11:31:44.531263Z,2026-07-04T14:00:00Z,True
KXHIGHTSEA-26JUL03-B77.5,finalized,no,0.0,1.0,0.0,0.0,0.0,1.0,0.01,0.01,3254.34,0.0,2068.24,0.0,2026-08-28T18:54:29.515947+00:00,73.00,73.0,2026-07-04T11:31:44.512358Z,0.0,0.0,1.0,2026-07-04T11:31:44.531263Z,2026-07-04T14:00:00Z,True
KXHIGHTSEA-26JUL03-B75.5,finalized,no,0.0,1.0,0.0,0.0,0.0,1.0,0.01,0.01,13822.96,0.0,3492.37,0.0,2026-08-28T18:54:29.515947+00:00,73.00,73.0,2026-07-04T11:31:44.512358Z,0.0,0.0,1.0,2026-07-04T11:31:44.531263Z,2026-07-04T14:00:00Z,True
KXHIGHTSEA-26JUL03-B73.5,finalized,yes,0.0,1.0,0.0,0.0,0.0,1.0,0.99,0.99,15685.03,0.0,5791.32,0.0,2026-08-28T18:54:29.515947+00:00,73.00,73.0,2026-07-04T11:31:44.512358Z,1.0,0.0,1.0,2026-07-04T11:31:44.531263Z,2026-07-04T14:00:00Z,True
KXHIGHTSEA-26JUL03-B71.5,finalized,no,0.0,1.0,0.0,0.0,0.0,1.0,0.01,0.01,16626.29,0.0,13501.1,0.0,2026-08-28T18:54:29.515947+00:00,73.00,73.0,2026-07-04T11:31:44.512358Z,0.0,0.0,1.0,2026-07-04T11:31:44.531263Z,2026-07-04T14:00:00Z,True
KXHIGHTSEA-26JUL02-T73,finalized,no,0.0,1.0,0.0,0.0,0.0,1.0,0.01,0.01,2344.73,0.0,2155.88,0.0,2026-08-28T18:54:29.515947+00:00,68.00,68.0,2026-07-03T11:31:24.50329Z,0.0,0.0,1.0,2026-07-03T11:31:24.519392Z,2026-07-03T14:00:00Z,True
KXHIGHTSEA-26JUL02-T66,finalized,no,0.0,1.0,0.0,0.0,0.0,1.0,0.01,0.01,21009.99,0.0,13300.98,0.0,2026-08-28T18:54:29.515947+00:00,68.00,68.0,2026-07-03T11:31:24.50329Z,0.0,0.0,1.0,2026-07-03T11:31:24.519392Z,2026-07-03T14:00:00Z,True
KXHIGHTSEA-26JUL02-B72.5,finalized,no,0.0,1.0,0.0,0.0,0.0,1.0,0.01,0.01,3204.63,0.0,2505.82,0.0,2026-08-28T18:54:29.515947+00:00,68.00,68.0,2026-07-03T11:31:24.50329Z,0.0,0.0,1.0,2026-07-03T11:31:24.519392Z,2026-07-03T14:00:00Z,True
KXHIGHTSEA-26JUL02-B70.5,finalized,no,0.0,1.0,0.0,0.0,0.0,1.0,0.01,0.01,14239.16,0.0,8607.69,0.0,2026-08-28T18:54:29.515947+00:00,68.00,68.0,2026-07-03T11:31:24.50329Z,0.0,0.0,1.0,2026-07-03T11:31:24.519392Z,2026-07-03T14:00:00Z,True
KXHIGHTSEA-26JUL02-B68.5,finalized,yes,0.0,1.0,0.0,0.0,0.0,1.0,0.99,0.99,21976.99,0.0,12192.39,0.0,2026-08-28T18:54:29.515947+00:00,68.00,68.0,2026-07-03T11:31:24.50329Z,1.0,0.0,1.0,2026-07-03T11:31:24.519392Z,2026-07-03T14:00:00Z,True
KXHIGHTSEA-26JUL02-B66.5,finalized,no,0.0,1.0,0.0,0.0,0.0,1.0,0.01,0.01,47226.75,0.0,37299.13,0.0,2026-08-28T18:54:29.515947+00:00,68.00,68.0,2026-07-03T11:31:24.50329Z,0.0,0.0,1.0,2026-07-03T11:31:24.519392Z,2026-07-03T14:00:00Z,True
KXHIGHTSEA-26JUL01-T71,finalized,no,0.0,1.0,0.0,0.0,0.0,1.0,0.01,0.01,1534.56,0.0,1445.56,0.0,2026-08-28T18:54:29.515947+00:00,64.00,64.0,2026-07-02T11:31:24.454142Z,0.0,0.0,0.01,2026-07-02T11:31:24.471639Z,2026-07-02T14:00:00Z,True
KXHIGHTSEA-26JUL01-T64,finalized,no,0.0,1.0,0.0,0.0,0.0,1.0,0.01,0.01,17938.55,0.0,11061.7,0.0,2026-08-28T18:54:29.515947+00:00,64.00,64.0,2026-07-02T11:31:24.454142Z,0.0,0.0,0.01,2026-07-02T11:31:24.471639Z,2026-07-02T14:00:00Z,True
KXHIGHTSEA-26JUL01-B70.5,finalized,no,0.0,1.0,0.0,0.0,0.0,1.0,0.01,0.01,4241.93,0.0,2282.93,0.0,2026-08-28T18:54:29.515947+00:00,64.00,64.0,2026-07-02T11:31:24.454142Z,0.0,0.0,0.01,2026-07-02T11:31:24.471639Z,2026-07-02T14:00:00Z,True
KXHIGHTSEA-26JUL01-B68.5,finalized,no,0.0,1.0,0.0,0.0,0.0,1.0,0.01,0.01,16573.39,0.0,12538.2,0.0,2026-08-28T18:54:29.515947+00:00,64.00,64.0,2026-07-02T11:31:24.454142Z,0.0,0.0,0.01,2026-07-02T11:31:24.471639Z,2026-07-02T14:00:00Z,True
KXHIGHTSEA-26JUL01-B66.5,finalized,no,0.0,1.0,0.0,0.0,0.0,1.0,0.01,0.01,24715.21,0.0,14387.07,0.0,2026-08-28T18:54:29.515947+00:00,64.00,64.0,2026-07-02T11:31:24.454142Z,0.0,0.0,0.01,2026-07-02T11:31:24.471639Z,2026-07-02T14:00:00Z,True
KXHIGHTSEA-26JUL01-B64.5,finalized,yes,0.0,1.0,0.0,0.0,0.0,1.0,0.99,0.99,21931.93,0.0,11054.94,0.0,2026-08-28T18:54:29.515947+00:00,64.00,64.0,2026-07-02T11:31:24.454142Z,1.0,0.99,1.0,2026-07-02T11:31:24.471639Z,2026-07-02T14:00:00Z,True
KXHIGHTSEA-26JUN30-T71,finalized,no,0.0,1.0,0.0,0.0,0.0,1.0,0.01,0.01,1933.18,0.0,1675.14,0.0,2026-08-28T18:54:29.515947+00:00,64.00,64.0,2026-07-01T11:31:23.392547Z,0.0,0.0,1.0,2026-07-01T11:31:23.4943Z,2026-07-01T14:00:00Z,True
KXHIGHTSEA-26JUN30-T64,finalized,no,0.0,1.0,0.0,0.0,0.0,1.0,0.01,0.01,29066.31,0.0,16425.06,0.0,2026-08-28T18:54:29.515947+00:00,64.00,64.0,2026-07-01T11:31:23.392547Z,0.0,0.0,1.0,2026-07-01T11:31:23.4943Z,2026-07-01T14:00:00Z,True
KXHIGHTSEA-26JUN30-B70.5,finalized,no,0.0,1.0,0.0,0.0,0.0,1.0,0.01,0.01,2328.28,0.0,2037.35,0.0,2026-08-28T18:54:29.515947+00:00,64.00,64.0,2026-07-01T11:31:23.392547Z,0.0,0.0,1.0,2026-07-01T11:31:23.4943Z,2026-07-01T14:00:00Z,True
KXHIGHTSEA-26JUN30-B68.5,finalized,no,0.0,1.0,0.0,0.0,0.0,1.0,0.01,0.01,10941.97,0.0,5249.15,0.0,2026-08-28T18:54:29.515947+00:00,64.00,64.0,2026-07-01T11:31:23.392547Z,0.0,0.0,1.0,2026-07-01T11:31:23.4943Z,2026-07-01T14:00:00Z,True
KXHIGHTSEA-26JUN30-B66.5,finalized,no,0.0,1.0,0.0,0.0,0.0,1.0,0.01,0.01,30791.44,0.0,22250.28,0.0,2026-08-28T18:54:29.515947+00:00,64.00,64.0,2026-07-01T11:31:23.392547Z,0.0,0.0,1.0,2026-07-01T11:31:23.4943Z,2026-07-01T14:00:00Z,True
KXHIGHTSEA-26JUN30-B64.5,finalized,yes,0.0,1.0,0.0,0.0,0.0,1.0,0.99,0.99,22280.48,0.0,7953.58,0.0,2026-08-28T18:54:29.515947+00:00,64.00,64.0,2026-07-01T11:31:23.392547Z,1.0,0.0,1.0,2026-07-01T11:31:23.4943Z,2026-07-01T14:00:00Z,True
KXHIGHTSEA-26JUN29-T72,finalized,no,0.0,1.0,0.0,0.0,0.0,1.0,0.01,0.01,1099.82,0.0,1030.88,0.0,2026-08-28T18:54:29.515947+00:00,64.00,64.0,2026-06-30T11:33:22.149012Z,0.0,0.0,1.0,2026-06-30T11:33:22.274924Z,2026-06-30T14:00:00Z,True
KXHIGHTSEA-26JUN29-T65,finalized,yes,0.0,1.0,0.0,0.0,0.0,1.0,0.99,0.99,13382.01,0.0,5499.15,0.0,2026-08-28T18:54:29.515947+00:00,64.00,64.0,2026-06-30T11:33:22.149012Z,1.0,0.0,1.0,2026-06-30T11:33:22.274924Z,2026-06-30T14:00:00Z,True
KXHIGHTSEA-26JUN29-B71.5,finalized,no,0.0,1.0,0.0,0.0,0.0,1.0,0.01,0.01,10159.92,0.0,3951.53,0.0,2026-08-28T18:54:29.515947+00:00,64.00,64.0,2026-06-30T11:33:22.149012Z,0.0,0.0,1.0,2026-06-30T11:33:22.274924Z,2026-06-30T14:00:00Z,True
KXHIGHTSEA-26JUN29-B69.5,finalized,no,0.0,1.0,0.0,0.0,0.0,1.0,0.01,0.01,5897.04,0.0,3086.49,0.0,2026-08-28T18:54:29.515947+00:00,64.00,64.0,2026-06-30T11:33:22.149012Z,0.0,0.0,1.0,2026-06-30T11:33:22.274924Z,2026-06-30T14:00:00Z,True
KXHIGHTSEA-26JUN29-B67.5,finalized,no,0.0,1.0,0.0,0.0,0.0,1.0,0.01,0.01,11179.31,0.0,6606.93,0.0,2026-08-28T18:54:29.515947+00:00,64.00,64.0,2026-06-30T11:33:22.149012Z,0.0,0.0,1.0,2026-06-30T11:33:22.274924Z,2026-06-30T14:00:00Z,True
KXHIGHTSEA-26JUN29-B65.5,finalized,no,0.0,1.0,0.0,0.0,0.0,1.0,0.04,0.04,15021.5,0.0,9841.78,0.0,2026-08-28T18:54:29.515947+00:00,64.00,64.0,2026-06-30T11:33:22.149012Z,0.0,0.0,1.0,2026-06-30T11:33:22.274924Z,2026-06-30T14:00:00Z,True
KXHIGHTSEA-26JUN28-T71,finalized,no,0.0,1.0,0.0,0.0,0.0,1.0,0.01,0.01,5942.83,0.0,4431.01,0.0,2026-08-28T18:54:29.515947+00:00,68.00,68.0,2026-06-29T11:31:32.805427Z,0.0,0.0,1.0,2026-06-29T11:31:32.817296Z,2026-06-29T14:00:00Z,True
KXHIGHTSEA-26JUN28-T64,finalized,no,0.0,1.0,0.0,0.0,0.0,1.0,0.01,0.01,3285.22,0.0,2909.22,0.0,2026-08-28T18:54:29.515947+00:00,68.00,68.0,2026-06-29T11:31:32.805427Z,0.0,0.0,1.0,2026-06-29T11:31:32.817296Z,2026-06-29T14:00:00Z,True
KXHIGHTSEA-26JUN28-B70.5,finalized,no,0.0,1.0,0.0,0.0,0.0,1.0,0.01,0.01,15244.25,0.0,4998.42,0.0,2026-08-28T18:54:29.515947+00:00,68.00,68.0,2026-06-29T11:31:32.805427Z,0.0,0.0,1.0,2026-06-29T11:31:32.817296Z,2026-06-29T14:00:00Z,True
KXHIGHTSEA-26JUN28-B68.5,finalized,yes,0.0,1.0,0.0,0.0,0.0,1.0,0.99,0.99,9483.78,0.0,4824.24,0.0,2026-08-28T18:54:29.515947+00:00,68.00,68.0,2026-06-29T11:31:32.805427Z,1.0,0.0,1.0,2026-06-29T11:31:32.817296Z,2026-06-29T14:00:00Z,True
KXHIGHTSEA-26JUN28-B66.5,finalized,no,0.0,1.0,0.0,0.0,0.0,1.0,0.01,0.01,13374.85,0.0,9198.96,0.0,2026-08-28T18:54:29.515947+00:00,68.00,68.0,2026-06-29T11:31:32.805427Z,0.0,0.0,1.0,2026-06-29T11:31:32.817296Z,2026-06-29T14:00:00Z,True
KXHIGHTSEA-26JUN28-B64.5,finalized,no,0.0,1.0,0.0,0.0,0.0,1.0,0.01,0.01,3165.8,0.0,2647.5,0.0,2026-08-28T18:54:29.515947+00:00,68.00,68.0,2026-06-29T11:31:32.805427Z,0.0,0.0,1.0,2026-06-29T11:31:32.817296Z,2026-06-29T14:00:00Z,True
KXHIGHTSEA-26JUN27-T70,finalized,no,0.0,1.0,0.0,0.0,0.0,1.0,0.01,0.01,6430.19,0.0,3517.12,0.0,2026-08-28T18:54:29.515947+00:00,70.00,70.0,2026-06-28T11:31:34.349024Z,0.0,0.0,1.0,2026-06-28T11:31:34.385227Z,2026-06-28T14:00:00Z,True
KXHIGHTSEA-26JUN27-T63,finalized,no,0.0,1.0,0.0,0.0,0.0,1.0,0.01,0.01,1516.17,0.0,1381.17,0.0,2026-08-28T18:54:29.515947+00:00,70.00,70.0,2026-06-28T11:31:34.349024Z,0.0,0.0,1.0,2026-06-28T11:31:34.385227Z,2026-06-28T14:00:00Z,True
KXHIGHTSEA-26JUN27-B69.5,finalized,yes,0.0,1.0,0.0,0.0,0.0,1.0,0.99,0.99,9558.57,0.0,5307.37,0.0,2026-08-28T18:54:29.515947+00:00,70.00,70.0,2026-06-28T11:31:34.349024Z,1.0,0.0,1.0,2026-06-28T11:31:34.385227Z,2026-06-28T14:00:00Z,True
KXHIGHTSEA-26JUN27-B67.5,finalized,no,0.0,1.0,0.0,0.0,0.0,1.0,0.01,0.01,20923.68,0.0,13915.42,0.0,2026-08-28T18:54:29.515947+00:00,70.00,70.0,2026-06-28T11:31:34.349024Z,0.0,0.0,1.0,2026-06-28T11:31:34.385227Z,2026-06-28T14:00:00Z,True
KXHIGHTSEA-26JUN27-B65.5,finalized,no,0.0,1.0,0.0,0.0,0.0,1.0,0.01,0.01,9000.09,0.0,6464.75,0.0,2026-08-28T18:54:29.515947+00:00,70.00,70.0,2026-06-28T11:31:34.349024Z,0.0,0.0,1.0,2026-06-28T11:31:34.385227Z,2026-06-28T14:00:00Z,True
KXHIGHTSEA-26JUN27-B63.5,finalized,no,0.0,1.0,0.0,0.0,0.0,1.0,0.01,0.01,8952.98,0.0,4493.5,0.0,2026-08-28T18:54:29.515947+00:00,70.00,70.0,2026-06-28T11:31:34.349024Z,0.0,0.0,1.0,2026-06-28T11:31:34.385227Z,2026-06-28T14:00:00Z,True
KXHIGHTSEA-26JUN26-T68,finalized,no,0.0,1.0,0.0,0.0,0.0,1.0,0.01,0.01,4816.55,0.0,2263.06,0.0,2026-08-28T18:54:29.515947+00:00,65.00,65.0,2026-06-27T11:31:23.836955Z,0.0,0.0,1.0,2026-06-27T11:31:23.886313Z,2026-06-27T14:00:00Z,True
KXHIGHTSEA-26JUN26-T61,finalized,no,0.0,1.0,0.0,0.0,0.0,1.0,0.01,0.01,3435.99,0.0,3197.99,0.0,2026-08-28T18:54:29.515947+00:00,65.00,65.0,2026-06-27T11:31:23.836955Z,0.0,0.0,1.0,2026-06-27T11:31:23.886313Z,2026-06-27T14:00:00Z,True
KXHIGHTSEA-26JUN26-B67.5,finalized,no,0.0,1.0,0.0,0.0,0.0,1.0,0.01,0.01,8067.99,0.0,3569.22,0.0,2026-08-28T18:54:29.515947+00:00,65.00,65.0,2026-06-27T11:31:23.836955Z,0.0,0.0,1.0,2026-06-27T11:31:23.886313Z,2026-06-27T14:00:00Z,True
KXHIGHTSEA-26JUN26-B65.5,finalized,yes,0.0,1.0,0.0,0.0,0.0,1.0,0.99,0.99,15303.68,0.0,7540.56,0.0,2026-08-28T18:54:29.515947+00:00,65.00,65.0,2026-06-27T11:31:23.836955Z,1.0,0.0,1.0,2026-06-27T11:31:23.886313Z,2026-06-27T14:00:00Z,True
KXHIGHTSEA-26JUN26-B63.5,finalized,no,0.0,1.0,0.0,0.0,0.0,1.0,0.01,0.01,16945.9,0.0,8468.4,0.0,2026-08-28T18:54:29.515947+00:00,65.00,65.0,2026-06-27T11:31:23.836955Z,0.0,0.0,1.0,2026-06-27T11:31:23.886313Z,2026-06-27T14:00:00Z,True
KXHIGHTSEA-26JUN26-B61.5,finalized,no,0.0,1.0,0.0,0.0,0.0,1.0,0.01,0.01,7050.5,0.0,2672.62,0.0,2026-08-28T18:54:29.515947+00:00,65.00,65.0,2026-06-27T11:31:23.836955Z,0.0,0.0,1.0,2026-06-27T11:31:23.886313Z,2026-06-27T14:00:00Z,True
KXHIGHTSEA-26JUN25-T73,finalized,no,0.0,1.0,0.0,0.0,0.0,1.0,0.01,0.01,5119.65,0.0,3722.31,0.0,2026-08-28T18:54:29.515947+00:00,66.00,66.0,2026-06-26T11:31:32.159137Z,0.0,0.0,1.0,2026-06-26T11:31:32.184496Z,2026-06-26T14:00:00Z,True
KXHIGHTSEA-26JUN25-T66,finalized,no,0.0,1.0,0.0,0.0,0.0,1.0,0.01,0.01,29382.15,0.0,22778.91,0.0,2026-08-28T18:54:29.515947+00:00,66.00,66.0,2026-06-26T11:31:32.159137Z,0.0,0.0,1.0,2026-06-26T11:31:32.184496Z,2026-06-26T14:00:00Z,True
KXHIGHTSEA-26JUN25-B72.5,finalized,no,0.0,1.0,0.0,0.0,0.0,1.0,0.04,0.04,4266.98,0.0,1534.39,0.0,2026-08-28T18:54:29.515947+00:00,66.00,66.0,2026-06-26T11:31:32.159137Z,0.0,0.0,1.0,2026-06-26T11:31:32.184496Z,2026-06-26T14:00:00Z,True
KXHIGHTSEA-26JUN25-B70.5,finalized,no,0.0,1.0,0.0,0.0,0.0,1.0,0.01,0.01,11028.96,0.0,3003.91,0.0,2026-08-28T18:54:29.515947+00:00,66.00,66.0,2026-06-26T11:31:32.159137Z,0.0,0.0,1.0,2026-06-26T11:31:32.184496Z,2026-06-26T14:00:00Z,True
KXHIGHTSEA-26JUN25-B68.5,finalized,no,0.0,1.0,0.0,0.0,0.0,1.0,0.01,0.01,11152.91,0.0,6703.0,0.0,2026-08-28T18:54:29.515947+00:00,66.00,66.0,2026-06-26T11:31:32.159137Z,0.0,0.0,1.0,2026-06-26T11:31:32.184496Z,2026-06-26T14:00:00Z,True
KXHIGHTSEA-26JUN25-B66.5,finalized,yes,0.0,1.0,0.0,0.0,0.0,1.0,0.99,0.99,10671.3,0.0,5330.83,0.0,2026-08-28T18:54:29.515947+00:00,66.00,66.0,2026-06-26T11:31:32.159137Z,1.0,0.0,1.0,2026-06-26T11:31:32.184496Z,2026-06-26T14:00:00Z,True
KXHIGHTSEA-26JUN24-T90,finalized,no,0.0,1.0,0.0,0.0,0.0,1.0,0.02,0.02,4903.66,0.0,4267.44,0.0,2026-08-28T18:54:29.515947+00:00,87.00,87.0,2026-06-25T11:31:36.988101Z,0.0,0.0,0.01,2026-06-25T11:31:37.022703Z,2026-06-25T14:00:00Z,True
KXHIGHTSEA-26JUN24-T83,finalized,no,0.0,1.0,0.0,0.0,0.0,1.0,0.01,0.01,17320.82,0.0,4140.8,0.0,2026-08-28T18:54:29.515947+00:00,87.00,87.0,2026-06-25T11:31:36.988101Z,0.0,0.0,0.01,2026-06-25T11:31:37.022703Z,2026-06-25T14:00:00Z,True
KXHIGHTSEA-26JUN24-B89.5,finalized,no,0.0,1.0,0.0,0.0,0.0,1.0,0.01,0.01,8029.87,0.0,5354.12,0.0,2026-08-28T18:54:29.515947+00:00,87.00,87.0,2026-06-25T11:31:36.988101Z,0.0,0.0,0.01,2026-06-25T11:31:37.022703Z,2026-06-25T14:00:00Z,True
KXHIGHTSEA-26JUN24-B87.5,finalized,yes,0.0,1.0,0.0,0.0,0.0,1.0,0.99,0.99,12354.53,0.0,7723.12,0.0,2026-08-28T18:54:29.515947+00:00,87.00,87.0,2026-06-25T11:31:36.988101Z,1.0,0.99,1.0,2026-06-25T11:31:37.022703Z,2026-06-25T14:00:00Z,True
KXHIGHTSEA-26JUN24-B85.5,finalized,no,0.0,1.0,0.0,0.0,0.0,1.0,0.01,0.01,15304.89,0.0,10834.56,0.0,2026-08-28T18:54:29.515947+00:00,87.00,87.0,2026-06-25T11:31:36.988101Z,0.0,0.0,0.01,2026-06-25T11:31:37.022703Z,2026-06-25T14:00:00Z,True
KXHIGHTSEA-26JUN24-B83.5,finalized,no,0.0,1.0,0.0,0.0,0.0,1.0,0.01,0.01,7951.5,0.0,6754.94,0.0,2026-08-28T18:54:29.515947+00:00,87.00,87.0,2026-06-25T11:31:36.988101Z,0.0,0.0,0.01,2026-06-25T11:31:37.022703Z,2026-06-25T14:00:00Z,True
KXHIGHTSEA-26JUN23-T93,finalized,no,0.0,1.0,0.0,0.0,0.0,1.0,0.02,0.02,4245.45,0.0,4127.45,0.0,2026-08-28T18:54:29.515947+00:00,90.00,90.0,2026-06-24T11:31:33.102384Z,0.0,0.0,1.0,2026-06-24T11:31:33.147371Z,2026-06-24T14:00:00Z,True
KXHIGHTSEA-26JUN23-T86,finalized,no,0.0,1.0,0.0,0.0,0.0,1.0,0.01,0.01,49264.98,0.0,43780.62,0.0,2026-08-28T18:54:29.515947+00:00,90.00,90.0,2026-06-24T11:31:33.102384Z,0.0,0.0,1.0,2026-06-24T11:31:33.147371Z,2026-06-24T14:00:00Z,True
KXHIGHTSEA-26JUN23-B92.5,finalized,no,0.0,1.0,0.0,0.0,0.0,1.0,0.01,0.01,17671.78,0.0,9251.98,0.0,2026-08-28T18:54:29.515947+00:00,90.00,90.0,2026-06-24T11:31:33.102384Z,0.0,0.0,1.0,2026-06-24T11:31:33.147371Z,2026-06-24T14:00:00Z,True
KXHIGHTSEA-26JUN23-B90.5,finalized,yes,0.0,1.0,0.0,0.0,0.0,1.0,0.99,0.99,21029.92,0.0,10208.83,0.0,2026-08-28T18:54:29.515947+00:00,90.00,90.0,2026-06-24T11:31:33.102384Z,1.0,0.0,1.0,2026-06-24T11:31:33.147371Z,2026-06-24T14:00:00Z,True
KXHIGHTSEA-26JUN23-B88.5,finalized,no,0.0,1.0,0.0,0.0,0.0,1.0,0.01,0.01,25901.55,0.0,17540.97,0.0,2026-08-28T18:54:29.515947+00:00,90.00,90.0,2026-06-24T11:31:33.102384Z,0.0,0.0,1.0,2026-06-24T11:31:33.147371Z,2026-06-24T14:00:00Z,True
KXHIGHTSEA-26JUN23-B86.5,finalized,no,0.0,1.0,0.0,0.0,0.0,1.0,0.01,0.01,24759.84,0.0,17014.31,0.0,2026-08-28T18:54:29.515947+00:00,90.00,90.0,2026-06-24T11:31:33.102384Z,0.0,0.0,1.0,2026-06-24T11:31:33.147371Z,2026-06-24T14:00:00Z,True
KXHIGHTSEA-26JUN22-T90,finalized,no,0.0,1.0,0.0,0.0,0.0,1.0,0.01,0.01,1863.39,0.0,1607.95,0.0,2026-08-28T18:54:29.515947+00:00,86.00,86.0,2026-06-23T11:31:24.144807Z,0.0,0.0,1.0,2026-06-23T11:31:24.194307Z,2026-06-23T14:00:00Z,True
KXHIGHTSEA-26JUN22-T83,finalized,no,0.0,1.0,0.0,0.0,0.0,1.0,0.01,0.01,22204.13,0.0,16455.39,0.0,2026-08-28T18:54:29.515947+00:00,86.00,86.0,2026-06-23T11:31:24.144807Z,0.0,0.0,1.0,2026-06-23T11:31:24.194307Z,2026-06-23T14:00:00Z,True
KXHIGHTSEA-26JUN22-B89.5,finalized,no,0.0,1.0,0.0,0.0,0.0,1.0,0.01,0.01,1744.25,0.0,1550.25,0.0,2026-08-28T18:54:29.515947+00:00,86.00,86.0,2026-06-23T11:31:24.144807Z,0.0,0.0,1.0,2026-06-23T11:31:24.194307Z,2026-06-23T14:00:00Z,True
KXHIGHTSEA-26JUN22-B87.5,finalized,no,0.0,1.0,0.0,0.0,0.0,1.0,0.01,0.01,8417.84,0.0,5512.83,0.0,2026-08-28T18:54:29.515947+00:00,86.00,86.0,2026-06-23T11:31:24.144807Z,0.0,0.0,1.0,2026-06-23T11:31:24.194307Z,2026-06-23T14:00:00Z,True
KXHIGHTSEA-26JUN22-B85.5,finalized,yes,0.0,1.0,0.0,0.0,0.0,1.0,0.99,0.99,11976.11,0.0,6087.65,0.0,2026-08-28T18:54:29.515947+00:00,86.00,86.0,2026-06-23T11:31:24.144807Z,1.0,0.0,1.0,2026-06-23T11:31:24.194307Z,2026-06-23T14:00:00Z,True
KXHIGHTSEA-26JUN22-B83.5,finalized,no,0.0,1.0,0.0,0.0,0.0,1.0,0.01,0.01,19093.24,0.0,14865.05,0.0,2026-08-28T18:54:29.515947+00:00,86.00,86.0,2026-06-23T11:31:24.144807Z,0.0,0.0,1.0,2026-06-23T11:31:24.194307Z,2026-06-23T14:00:00Z,True
KXHIGHTSEA-26JUN21-T85,finalized,no,0.0,1.0,0.0,0.0,0.0,1.0,0.01,0.01,1210.94,0.0,1156.15,0.0,2026-08-28T18:54:29.515947+00:00,77.00,77.0,2026-06-22T11:31:24.145702Z,0.0,0.0,1.0,2026-06-22T11:31:24.183725Z,2026-06-22T14:00:00Z,True
KXHIGHTSEA-26JUN21-T78,finalized,yes,0.0,1.0,0.0,0.0,0.0,1.0,0.99,0.99,16710.03,0.0,8723.21,0.0,2026-08-28T18:54:29.515947+00:00,77.00,77.0,2026-06-22T11:31:24.145702Z,1.0,0.0,1.0,2026-06-22T11:31:24.183725Z,2026-06-22T14:00:00Z,True
KXHIGHTSEA-26JUN21-B84.5,finalized,no,0.0,1.0,0.0,0.0,0.0,1.0,0.01,0.01,1556.33,0.0,1311.54,0.0,2026-08-28T18:54:29.515947+00:00,77.00,77.0,2026-06-22T11:31:24.145702Z,0.0,0.0,1.0,2026-06-22T11:31:24.183725Z,2026-06-22T14:00:00Z,True
KXHIGHTSEA-26JUN21-B82.5,finalized,no,0.0,1.0,0.0,0.0,0.0,1.0,0.01,0.01,994.27,0.0,980.27,0.0,2026-08-28T18:54:29.515947+00:00,77.00,77.0,2026-06-22T11:31:24.145702Z,0.0,0.0,1.0,2026-06-22T11:31:24.183725Z,2026-06-22T14:00:00Z,True
KXHIGHTSEA-26JUN21-B80.5,finalized,no,0.0,1.0,0.0,0.0,0.0,1.0,0.01,0.01,8777.58,0.0,5453.64,0.0,2026-08-28T18:54:29.515947+00:00,77.00,77.0,2026-06-22T11:31:24.145702Z,0.0,0.0,1.0,2026-06-22T11:31:24.183725Z,2026-06-22T14:00:00Z,True
KXHIGHTSEA-26JUN21-B78.5,finalized,no,0.0,1.0,0.0,0.0,0.0,1.0,0.01,0.01,9748.55,0.0,5491.14,0.0,2026-08-28T18:54:29.515947+00:00,77.00,77.0,2026-06-22T11:31:24.145702Z,0.0,0.0,1.0,2026-06-22T11:31:24.183725Z,2026-06-22T14:00:00Z,True
